date	do
199.8750	2.570
199.8958	3.200
199.9167	2.960
199.9375	3.020
199.9583	3.050
199.9792	2.930
200.0000	2.930
200.0208	2.850
200.0417	2.790
200.0625	2.770
200.0833	2.900
200.1042	3.460
200.1250	3.450
200.1458	3.450
200.1667	3.550
200.1875	3.630
200.2083	3.750
200.2292	3.830
200.2500	3.850
200.2708	4.030
200.2917	4.130
200.3125	4.190
200.3333	4.270
200.3542	4.430
200.3750	4.590
200.3958	4.750
200.4167	4.800
200.4375	4.850
200.4583	4.900
200.4792	5.000
200.5000	5.030
200.5208	5.070
200.5417	5.150
200.5625	nan
200.5833	nan
200.6042	19.590
200.6250	18.320
200.6458	17.850
200.6667	18.450
200.6875	17.170
200.7083	18.000
200.7292	17.840
200.7500	17.910
200.7708	17.840
200.7917	17.570
200.8125	17.550
200.8333	17.700
200.8542	18.000
200.8750	17.950
200.8958	18.120
200.9167	17.860
200.9375	18.030
200.9583	18.160
200.9792	18.110
201.0000	18.240
201.0208	18.530
201.0417	18.440
201.0625	18.290
201.0833	18.050
201.1042	18.070
201.1250	17.890
201.1458	17.980
201.1667	17.770
201.1875	17.750
201.2083	17.570
201.2292	17.440
201.2500	17.100
201.2708	17.110
201.2917	16.410
201.3125	15.610
201.3333	15.350
201.3542	15.400
201.3750	15.140
201.3958	14.930
201.4167	14.760
201.4375	14.430
201.4583	14.160
201.4792	14.100
201.5000	14.250
201.5208	14.170
201.5417	14.290
201.5625	13.860
201.5833	13.700
201.6042	13.690
201.6250	13.910
201.6458	13.870
201.6667	14.140
201.6875	14.380
201.7083	15.080
201.7292	14.170
201.7500	14.030
201.7708	14.150
201.7917	14.170
201.8125	13.710
201.8333	13.910
201.8542	13.530
201.8750	13.750
201.8958	13.740
201.9167	13.260
201.9375	12.690
201.9583	13.390
201.9792	13.430
202.0000	13.500
202.0208	13.220
202.0417	13.400
202.0625	13.370
202.0833	13.450
202.1042	13.500
202.1250	13.120
202.1458	12.710
202.1667	12.300
202.1875	12.520
202.2083	12.330
202.2292	11.860
202.2500	12.160
202.2708	11.680
202.2917	11.820
202.3125	12.310
202.3333	12.340
202.3542	12.530
202.3750	12.450
202.3958	12.420
202.4167	12.350
202.4375	12.540
202.4583	12.470
202.4792	12.290
202.5000	12.490
202.5208	12.670
202.5417	7.550
202.5625	12.760
202.5833	12.790
202.6042	12.180
202.6250	11.790
202.6458	11.840
202.6667	12.290
202.6875	11.530
202.7083	11.840
202.7292	11.710
202.7500	11.530
202.7708	11.610
202.7917	11.610
202.8125	11.580
202.8333	10.950
202.8542	11.120
202.8750	11.560
202.8958	11.110
202.9167	11.430
202.9375	11.310
202.9583	11.200
202.9792	11.270
203.0000	11.340
203.0208	11.300
203.0417	10.620
203.0625	11.100
203.0833	11.120
203.1042	11.240
203.1250	11.120
203.1458	10.920
203.1667	10.930
203.1875	10.640
203.2083	11.100
203.2292	11.240
203.2500	11.230
203.2708	10.550
203.2917	10.850
203.3125	10.730
203.3333	11.090
203.3542	11.250
203.3750	10.660
203.3958	10.620
203.4167	11.190
203.4375	11.270
203.4583	11.090
203.4792	10.920
203.5000	11.290
203.5208	11.210
203.5417	11.000
203.5625	11.180
203.5833	11.110
203.6042	10.810
203.6250	11.590
203.6458	11.390
203.6667	11.640
203.6875	11.820
203.7083	11.450
203.7292	11.310
203.7500	11.040
203.7708	11.190
203.7917	11.110
203.8125	11.110
203.8333	11.240
203.8542	11.520
203.8750	11.590
203.8958	11.190
203.9167	11.060
203.9375	11.110
203.9583	11.230
203.9792	11.040
204.0000	11.100
204.0208	11.400
204.0417	10.760
204.0625	11.010
204.0833	11.020
204.1042	10.800
204.1250	10.880
204.1458	10.670
204.1667	10.450
204.1875	10.360
204.2083	10.560
204.2292	10.640
204.2500	10.700
204.2708	10.740
204.2917	10.110
204.3125	10.150
204.3333	10.730
204.3542	10.850
204.3750	10.890
204.3958	10.810
204.4167	10.810
204.4375	10.650
204.4583	10.620
204.4792	10.630
204.5000	10.790
204.5208	10.350
204.5417	10.180
204.5625	10.320
204.5833	10.210
204.6042	10.280
204.6250	10.310
204.6458	10.480
204.6667	9.880
204.6875	10.390
204.7083	10.230
204.7292	10.310
204.7500	10.220
204.7708	9.880
204.7917	10.390
204.8125	9.990
204.8333	9.440
204.8542	10.010
204.8750	9.970
204.8958	10.410
204.9167	9.730
204.9375	9.660
204.9583	9.820
204.9792	10.270
205.0000	9.650
205.0208	9.620
205.0417	10.050
205.0625	9.800
205.0833	9.670
205.1042	9.330
205.1250	10.070
205.1458	10.120
205.1667	10.360
205.1875	10.380
205.2083	10.310
205.2292	10.180
205.2500	9.960
205.2708	9.860
205.2917	9.480
205.3125	10.120
205.3333	9.660
205.3542	9.780
205.3750	9.580
205.3958	9.330
205.4167	9.270
205.4375	9.310
205.4583	8.860
205.4792	9.300
205.5000	9.260
205.5208	8.530
205.5417	8.930
205.5625	8.960
205.5833	8.280
205.6042	8.950
205.6250	8.890
205.6458	8.910
205.6667	8.650
205.6875	9.100
205.7083	9.250
205.7292	9.610
205.7500	9.610
205.7708	9.680
205.7917	9.210
205.8125	9.720
205.8333	9.260
205.8542	9.880
205.8750	9.680
205.8958	9.450
205.9167	9.950
205.9375	9.620
205.9583	9.990
205.9792	10.020
206.0000	10.090
206.0208	9.810
206.0417	10.330
206.0625	10.450
206.0833	10.140
206.1042	10.300
206.1250	10.140
206.1458	10.200
206.1667	10.380
206.1875	10.300
206.2083	10.240
206.2292	10.240
206.2500	10.130
206.2708	10.320
206.2917	10.770
206.3125	10.650
206.3333	10.720
206.3542	10.370
206.3750	10.670
206.3958	10.600
206.4167	10.690
206.4375	10.280
206.4583	10.720
206.4792	10.150
206.5000	9.990
206.5208	10.360
206.5417	10.050
206.5625	9.820
206.5833	10.460
206.6042	10.480
206.6250	10.590
206.6458	10.730
206.6667	10.460
206.6875	10.510
206.7083	10.620
206.7292	10.210
206.7500	10.440
206.7708	10.590
206.7917	10.190
206.8125	10.000
206.8333	10.320
206.8542	10.270
206.8750	10.460
206.8958	10.330
206.9167	10.330
206.9375	9.790
206.9583	10.270
206.9792	9.610
207.0000	10.300
207.0208	10.340
207.0417	10.410
207.0625	10.500
207.0833	10.460
207.1042	10.440
207.1250	10.290
207.1458	10.100
207.1667	10.380
207.1875	10.200
207.2083	10.240
207.2292	10.310
207.2500	10.190
207.2708	10.220
207.2917	10.440
207.3125	9.990
207.3333	9.930
207.3542	9.840
207.3750	9.420
207.3958	9.870
207.4167	9.440
207.4375	9.760
207.4583	9.550
207.4792	10.180
207.5000	10.250
207.5208	9.780
207.5417	9.900
207.5625	10.360
207.5833	9.760
207.6042	10.150
207.6250	10.100
207.6458	10.040
207.6667	9.970
207.6875	9.940
207.7083	9.960
207.7292	10.030
207.7500	9.590
207.7708	10.040
207.7917	10.050
207.8125	9.690
207.8333	9.990
207.8542	10.150
207.8750	10.050
207.8958	9.600
207.9167	9.300
207.9375	9.810
207.9583	9.470
207.9792	9.620
208.0000	9.310
208.0208	9.410
208.0417	9.170
208.0625	9.480
208.0833	8.700
208.1042	9.660
208.1250	9.690
208.1458	9.350
208.1667	9.330
208.1875	9.540
208.2083	8.920
208.2292	9.380
208.2500	9.310
208.2708	9.320
208.2917	9.110
208.3125	8.920
208.3333	9.200
208.3542	9.170
208.3750	9.220
208.3958	8.990
208.4167	9.340
208.4375	9.270
208.4583	9.320
208.4792	9.060
208.5000	8.980
208.5208	8.590
208.5417	8.790
208.5625	8.920
208.5833	8.910
208.6042	8.970
208.6250	8.970
208.6458	8.830
208.6667	8.780
208.6875	8.360
208.7083	8.640
208.7292	8.040
208.7500	8.120
208.7708	8.190
208.7917	8.740
208.8125	8.610
208.8333	8.280
208.8542	8.770
208.8750	8.820
208.8958	8.870
208.9167	8.790
208.9375	8.760
208.9583	8.790
208.9792	8.720
209.0000	8.700
209.0208	8.860
209.0417	8.260
209.0625	8.490
209.0833	8.740
209.1042	8.990
209.1250	9.070
209.1458	8.990
209.1667	9.110
209.1875	8.650
209.2083	9.160
209.2292	9.210
209.2500	9.220
209.2708	9.490
209.2917	9.640
209.3125	9.610
209.3333	9.750
209.3542	9.790
209.3750	9.560
209.3958	9.670
209.4167	9.880
209.4375	9.710
209.4583	9.590
209.4792	9.160
209.5000	9.900
209.5208	9.320
209.5417	9.790
209.5625	9.830
209.5833	9.830
209.6042	9.790
209.6250	9.350
209.6458	9.760
209.6667	9.900
209.6875	9.550
209.7083	9.650
209.7292	9.440
209.7500	9.590
209.7708	9.330
209.7917	8.840
209.8125	9.600
209.8333	9.420
209.8542	9.360
209.8750	9.300
209.8958	9.370
209.9167	9.480
209.9375	9.300
209.9583	9.110
209.9792	9.300
210.0000	8.910
210.0208	9.220
210.0417	9.290
210.0625	9.450
210.0833	9.440
210.1042	9.270
210.1250	9.400
210.1458	9.490
210.1667	9.500
210.1875	9.190
210.2083	9.010
210.2292	9.330
210.2500	9.760
210.2708	9.490
210.2917	9.610
210.3125	9.560
210.3333	9.730
210.3542	9.490
210.3750	9.890
210.3958	9.960
210.4167	9.710
210.4375	9.610
210.4583	9.510
210.4792	9.200
210.5000	9.720
210.5208	9.640
210.5417	9.720
210.5625	9.400
210.5833	9.630
210.6042	9.040
210.6250	9.540
210.6458	9.490
210.6667	9.370
210.6875	9.150
210.7083	9.510
210.7292	9.140
210.7500	9.070
210.7708	9.020
210.7917	8.860
210.8125	8.700
210.8333	8.950
210.8542	8.590
210.8750	8.590
210.8958	8.180
210.9167	8.530
210.9375	8.110
210.9583	8.490
210.9792	8.470
211.0000	8.480
211.0208	8.280
211.0417	8.290
211.0625	8.340
211.0833	8.240
211.1042	8.300
211.1250	8.330
211.1458	8.100
211.1667	8.310
211.1875	8.220
211.2083	8.310
211.2292	8.040
211.2500	8.290
211.2708	8.140
211.2917	8.160
211.3125	8.070
211.3333	7.970
211.3542	8.010
211.3750	8.150
211.3958	8.130
211.4167	8.090
211.4375	8.190
211.4583	8.100
211.4792	8.270
211.5000	8.250
211.5208	8.250
211.5417	8.260
211.5625	8.350
211.5833	8.400
211.6042	8.070
211.6250	8.210
211.6458	8.240
211.6667	8.420
211.6875	8.280
211.7083	7.780
211.7292	8.340
211.7500	8.300
211.7708	8.230
211.7917	8.150
211.8125	8.380
211.8333	8.190
211.8542	8.090
211.8750	8.380
211.8958	8.270
211.9167	8.210
211.9375	8.280
211.9583	8.110
211.9792	8.360
212.0000	8.460
212.0208	8.020
212.0417	8.050
212.0625	8.010
212.0833	7.740
212.1042	8.130
212.1250	7.960
212.1458	8.020
212.1667	7.900
212.1875	7.950
212.2083	7.860
212.2292	7.750
212.2500	7.820
212.2708	7.990
212.2917	7.950
212.3125	8.160
212.3333	8.160
212.3542	8.180
212.3750	8.290
212.3958	8.280
212.4167	8.140
212.4375	8.110
212.4583	7.910
212.4792	8.130
212.5000	8.270
212.5208	8.520
212.5417	8.260
212.5625	9.050
212.5833	9.190
212.6042	9.700
212.6250	9.590
212.6458	9.620
212.6667	9.710
212.6875	9.640
212.7083	9.750
212.7292	9.620
212.7500	9.650
212.7708	9.510
212.7917	9.460
212.8125	9.380
212.8333	9.390
212.8542	9.180
212.8750	9.280
212.8958	9.110
212.9167	8.720
212.9375	8.800
212.9583	8.650
212.9792	8.580
213.0000	8.290
213.0208	8.120
213.0417	7.730
213.0625	7.580
213.0833	7.480
213.1042	7.510
213.1250	7.410
213.1458	7.510
213.1667	7.490
213.1875	7.240
213.2083	6.880
213.2292	7.350
213.2500	7.210
213.2708	7.330
213.2917	7.200
213.3125	7.100
213.3333	7.260
213.3542	7.260
213.3750	7.510
213.3958	7.600
213.4167	7.630
213.4375	7.600
213.4583	7.710
213.4792	7.910
213.5000	7.930
213.5208	7.930
213.5417	7.780
213.5625	7.650
213.5833	7.770
213.6042	7.740
213.6250	7.580
213.6458	7.650
213.6667	7.580
213.6875	7.730
213.7083	7.730
213.7292	7.690
213.7500	7.800
213.7708	7.810
213.7917	7.420
213.8125	7.820
213.8333	7.740
213.8542	7.880
213.8750	7.840
213.8958	7.570
213.9167	7.430
213.9375	7.870
213.9583	7.930
213.9792	7.860
214.0000	7.950
214.0208	7.980
214.0417	7.880
214.0625	7.740
214.0833	7.750
214.1042	7.760
214.1250	7.830
214.1458	7.600
214.1667	7.880
214.1875	7.910
214.2083	7.590
214.2292	7.830
214.2500	7.570
214.2708	7.770
214.2917	7.530
214.3125	7.660
214.3333	7.740
214.3542	7.880
214.3750	7.740
214.3958	7.620
214.4167	7.600
214.4375	7.440
214.4583	7.740
214.4792	7.730
214.5000	7.970
214.5208	8.160
214.5417	8.380
214.5625	8.290
214.5833	8.270
214.6042	8.290
214.6250	8.450
214.6458	8.410
214.6667	8.350
214.6875	8.380
214.7083	7.970
214.7292	7.960
214.7500	7.970
214.7708	8.320
214.7917	8.180
214.8125	8.090
214.8333	8.150
214.8542	8.070
214.8750	8.200
214.8958	8.150
214.9167	8.230
214.9375	8.170
214.9583	8.200
214.9792	8.200
215.0000	7.990
215.0208	8.000
215.0417	7.920
215.0625	8.210
215.0833	8.180
215.1042	8.250
215.1250	8.260
215.1458	8.320
215.1667	8.230
215.1875	8.320
215.2083	8.370
215.2292	8.180
215.2500	8.140
215.2708	7.950
215.2917	8.230
215.3125	7.760
215.3333	7.880
215.3542	8.070
215.3750	8.110
215.3958	7.970
215.4167	8.110
215.4375	7.910
215.4583	7.940
215.4792	8.070
215.5000	7.710
215.5208	7.660
215.5417	7.700
215.5625	8.040
215.5833	7.940
215.6042	7.920
215.6250	8.040
215.6458	7.870
215.6667	8.140
215.6875	7.920
215.7083	7.820
215.7292	7.780
215.7500	7.710
215.7708	7.900
215.7917	7.900
215.8125	7.860
215.8333	7.660
215.8542	7.640
215.8750	7.520
215.8958	7.320
215.9167	7.430
215.9375	7.440
215.9583	7.620
215.9792	7.510
216.0000	7.670
216.0208	7.420
216.0417	7.640
216.0625	7.550
216.0833	7.670
216.1042	7.620
216.1250	7.410
216.1458	7.430
216.1667	7.520
216.1875	7.650
216.2083	7.440
216.2292	7.660
216.2500	7.500
216.2708	7.480
216.2917	7.530
216.3125	7.540
216.3333	7.540
216.3542	7.590
216.3750	7.410
216.3958	7.650
216.4167	7.370
216.4375	7.550
216.4583	7.490
216.4792	7.630
216.5000	7.540
216.5208	7.390
216.5417	7.300
216.5625	7.340
216.5833	7.260
216.6042	7.140
216.6250	7.030
216.6458	7.130
216.6667	7.230
216.6875	7.370
216.7083	7.110
216.7292	7.170
216.7500	7.420
216.7708	7.180
216.7917	6.960
216.8125	6.850
216.8333	7.150
216.8542	7.070
216.8750	6.910
216.8958	6.570
216.9167	7.410
216.9375	7.460
216.9583	7.220
216.9792	7.400
217.0000	7.530
217.0208	7.340
217.0417	7.090
217.0625	7.870
217.0833	7.420
217.1042	7.830
217.1250	7.870
217.1458	7.730
217.1667	7.820
217.1875	7.970
217.2083	7.680
217.2292	7.780
217.2500	7.580
217.2708	7.450
217.2917	7.390
217.3125	7.210
217.3333	7.130
217.3542	6.770
217.3750	8.090
217.3958	9.150
217.4167	9.390
217.4375	9.610
217.4583	9.850
217.4792	9.780
217.5000	10.010
217.5208	10.080
217.5417	10.120
217.5625	10.260
217.5833	10.450
217.6042	10.500
217.6250	10.480
217.6458	10.550
217.6667	10.490
217.6875	10.400
217.7083	10.460
217.7292	10.490
217.7500	10.370
217.7708	10.430
217.7917	10.340
217.8125	10.550
217.8333	10.480
217.8542	10.580
217.8750	10.570
217.8958	10.560
217.9167	10.600
217.9375	10.650
217.9583	10.660
217.9792	10.620
218.0000	10.670
218.0208	10.540
218.0417	10.630
218.0625	10.580
218.0833	10.400
218.1042	10.590
218.1250	10.520
218.1458	10.730
218.1667	10.750
218.1875	10.370
218.2083	10.580
218.2292	10.590
218.2500	10.630
218.2708	10.620
218.2917	10.630
218.3125	10.560
218.3333	10.610
218.3542	10.620
218.3750	10.430
218.3958	10.530
218.4167	10.500
218.4375	10.480
218.4583	10.210
218.4792	10.320
218.5000	10.200
218.5208	10.310
218.5417	10.360
218.5625	10.360
218.5833	10.300
218.6042	10.240
218.6250	10.410
218.6458	10.300
218.6667	10.120
218.6875	10.240
218.7083	10.130
218.7292	10.170
218.7500	10.080
218.7708	10.040
218.7917	10.270
218.8125	10.120
218.8333	10.110
218.8542	10.170
218.8750	10.020
218.8958	10.010
218.9167	9.970
218.9375	9.840
218.9583	9.780
218.9792	9.730
219.0000	10.150
219.0208	9.800
219.0417	10.090
219.0625	10.050
219.0833	9.980
219.1042	9.960
219.1250	9.840
219.1458	9.730
219.1667	9.970
219.1875	10.000
219.2083	10.020
219.2292	10.090
219.2500	10.160
219.2708	10.150
219.2917	10.130
219.3125	10.170
219.3333	10.310
219.3542	10.340
219.3750	10.510
219.3958	10.500
219.4167	10.650
219.4375	10.710
219.4583	10.720
219.4792	10.880
219.5000	10.990
219.5208	11.080
219.5417	11.380
219.5625	11.330
219.5833	11.410
219.6042	11.450
219.6250	11.480
219.6458	11.330
219.6667	11.390
219.6875	11.550
219.7083	11.640
219.7292	11.680
219.7500	11.610
219.7708	11.440
219.7917	11.310
219.8125	11.480
219.8333	11.450
219.8542	11.410
219.8750	11.280
219.8958	11.330
219.9167	11.130
219.9375	11.180
219.9583	11.040
219.9792	11.030
220.0000	10.780
220.0208	10.770
220.0417	10.760
220.0625	10.680
220.0833	10.710
220.1042	10.720
220.1250	10.800
220.1458	10.770
220.1667	10.910
220.1875	10.940
220.2083	10.990
220.2292	10.890
220.2500	11.130
220.2708	11.050
220.2917	10.960
220.3125	10.960
220.3333	10.950
220.3542	11.070
220.3750	11.000
220.3958	10.910
220.4167	10.970
220.4375	10.940
220.4583	10.770
220.4792	10.710
220.5000	10.760
220.5208	10.510
220.5417	10.470
220.5625	10.650
220.5833	10.590
220.6042	10.330
220.6250	10.490
220.6458	10.340
220.6667	10.340
220.6875	10.370
220.7083	10.500
220.7292	10.500
220.7500	10.460
220.7708	10.420
220.7917	10.430
220.8125	10.490
220.8333	10.400
220.8542	10.460
220.8750	10.470
220.8958	10.340
220.9167	10.450
220.9375	10.510
220.9583	10.560
220.9792	10.580
221.0000	10.430
221.0208	10.440
221.0417	10.440
221.0625	10.490
221.0833	10.710
221.1042	10.720
221.1250	10.830
221.1458	10.610
221.1667	10.670
221.1875	10.680
221.2083	10.520
221.2292	10.600
221.2500	10.550
221.2708	10.580
221.2917	10.560
221.3125	10.540
221.3333	10.440
221.3542	10.340
221.3750	10.350
221.3958	10.160
221.4167	10.200
221.4375	10.170
221.4583	10.250
221.4792	10.250
221.5000	10.150
221.5208	10.270
221.5417	10.290
221.5625	10.270
221.5833	10.310
221.6042	10.250
221.6250	10.260
221.6458	10.190
221.6667	10.210
221.6875	10.420
221.7083	10.370
221.7292	10.230
221.7500	10.310
221.7708	10.220
221.7917	10.180
221.8125	10.230
221.8333	10.160
221.8542	10.040
221.8750	10.080
221.8958	10.010
221.9167	9.900
221.9375	9.970
221.9583	9.970
221.9792	9.940
222.0000	10.050
222.0208	9.920
222.0417	10.010
222.0625	9.930
222.0833	9.820
222.1042	9.930
222.1250	9.880
222.1458	9.670
222.1667	9.650
222.1875	9.730
222.2083	9.480
222.2292	9.520
222.2500	9.480
222.2708	9.390
222.2917	9.150
222.3125	9.230
222.3333	9.330
222.3542	9.240
222.3750	9.080
222.3958	9.230
222.4167	9.050
222.4375	8.910
222.4583	8.970
222.4792	8.880
222.5000	8.950
222.5208	8.800
222.5417	8.910
222.5625	8.920
222.5833	8.800
222.6042	8.900
222.6250	8.970
222.6458	9.160
222.6667	9.180
222.6875	9.130
222.7083	9.190
222.7292	9.190
222.7500	9.270
222.7708	10.070
222.7917	9.900
222.8125	9.750
222.8333	9.880
222.8542	9.600
222.8750	9.840
222.8958	9.840
222.9167	9.880
222.9375	9.750
222.9583	9.840
222.9792	9.890
223.0000	9.900
223.0208	9.810
223.0417	9.770
223.0625	9.860
223.0833	9.700
223.1042	9.710
223.1250	9.660
223.1458	9.630
223.1667	9.490
223.1875	9.470
223.2083	9.280
223.2292	9.370
223.2500	9.590
223.2708	9.550
223.2917	9.420
223.3125	9.330
223.3333	9.130
223.3542	9.180
223.3750	8.940
223.3958	8.980
223.4167	8.980
223.4375	8.930
223.4583	8.860
223.4792	8.760
223.5000	8.780
223.5208	8.760
223.5417	8.770
223.5625	8.770
223.5833	8.810
223.6042	8.700
223.6250	8.700
223.6458	8.730
223.6667	8.710
223.6875	8.370
223.7083	8.240
223.7292	8.410
223.7500	8.270
223.7708	7.990
223.7917	8.110
223.8125	7.980
223.8333	8.050
223.8542	8.130
223.8750	8.040
223.8958	7.970
223.9167	7.800
223.9375	7.760
223.9583	7.530
223.9792	7.370
224.0000	7.550
224.0208	7.370
224.0417	7.320
224.0625	7.350
224.0833	7.300
224.1042	7.230
224.1250	7.160
224.1458	7.050
224.1667	7.130
224.1875	6.910
224.2083	6.900
224.2292	6.900
224.2500	7.100
224.2708	6.970
224.2917	6.990
224.3125	7.010
224.3333	7.200
224.3542	6.900
224.3750	6.990
224.3958	6.850
224.4167	6.920
224.4375	6.860
224.4583	6.720
224.4792	6.540
224.5000	6.750
224.5208	6.280
224.5417	6.430
224.5625	6.450
224.5833	6.320
224.6042	6.270
224.6250	6.170
224.6458	5.980
224.6667	5.970
224.6875	5.870
224.7083	5.780
224.7292	5.740
224.7500	6.070
224.7708	5.850
224.7917	5.720
224.8125	5.850
224.8333	6.060
224.8542	6.060
224.8750	5.980
224.8958	5.860
224.9167	5.620
224.9375	5.600
224.9583	5.570
224.9792	5.540
225.0000	5.600
225.0208	5.650
225.0417	5.700
225.0625	5.680
225.0833	5.680
225.1042	5.940
225.1250	5.970
225.1458	5.680
225.1667	5.810
225.1875	5.930
225.2083	5.900
225.2292	5.700
225.2500	5.510
225.2708	5.520
225.2917	5.650
225.3125	5.700
225.3333	5.630
225.3542	5.570
225.3750	5.620
225.3958	5.750
225.4167	5.670
225.4375	5.710
225.4583	5.750
225.4792	5.800
225.5000	5.730
225.5208	5.850
225.5417	5.790
225.5625	5.870
225.5833	6.000
225.6042	6.020
225.6250	6.050
225.6458	5.750
225.6667	5.780
225.6875	5.680
225.7083	5.740
225.7292	5.940
225.7500	5.820
225.7708	5.810
225.7917	5.880
225.8125	5.940
225.8333	5.870
225.8542	5.950
225.8750	6.050
225.8958	6.060
225.9167	5.860
225.9375	5.950
225.9583	5.910
225.9792	5.830
226.0000	5.870
226.0208	5.770
226.0417	5.820
226.0625	5.730
226.0833	5.700
226.1042	5.960
226.1250	5.870
226.1458	5.690
226.1667	5.570
226.1875	5.520
226.2083	5.580
226.2292	5.970
226.2500	5.510
226.2708	5.500
226.2917	5.570
226.3125	5.570
226.3333	5.320
226.3542	5.210
226.3750	5.110
226.3958	5.240
226.4167	5.160
226.4375	5.210
226.4583	5.020
226.4792	5.390
226.5000	5.020
226.5208	5.130
226.5417	5.140
226.5625	5.150
226.5833	5.050
226.6042	5.000
226.6250	5.120
226.6458	5.090
226.6667	4.960
226.6875	4.930
226.7083	4.970
226.7292	5.270
226.7500	4.830
226.7708	4.840
226.7917	4.880
226.8125	5.190
226.8333	4.860
226.8542	4.870
226.8750	4.990
226.8958	4.880
226.9167	4.740
226.9375	4.870
226.9583	4.840
226.9792	4.980
227.0000	5.070
227.0208	5.100
227.0417	5.060
227.0625	5.040
227.0833	5.030
227.1042	4.940
227.1250	4.980
227.1458	4.860
227.1667	4.840
227.1875	4.740
227.2083	4.750
227.2292	4.630
227.2500	4.620
227.2708	4.630
227.2917	4.710
227.3125	4.720
227.3333	4.810
227.3542	4.700
227.3750	4.590
227.3958	4.500
227.4167	4.540
227.4375	4.870
227.4583	4.880
227.4792	4.870
227.5000	4.970
227.5208	4.980
227.5417	4.870
227.5625	4.830
227.5833	4.710
227.6042	4.790
227.6250	4.590
227.6458	4.570
227.6667	4.420
227.6875	4.540
227.7083	4.390
227.7292	4.420
227.7500	4.340
227.7708	4.260
227.7917	4.190
227.8125	4.240
227.8333	4.070
227.8542	3.950
227.8750	4.030
227.8958	3.990
227.9167	3.980
227.9375	4.020
227.9583	3.740
227.9792	3.950
228.0000	3.840
228.0208	4.040
228.0417	4.000
228.0625	4.090
228.0833	4.210
228.1042	4.150
228.1250	3.990
228.1458	3.940
228.1667	3.940
228.1875	3.910
228.2083	4.090
228.2292	4.020
228.2500	3.990
228.2708	4.000
228.2917	4.070
228.3125	4.140
228.3333	3.950
228.3542	4.050
228.3750	3.840
228.3958	3.760
228.4167	3.500
228.4375	3.350
228.4583	3.250
228.4792	3.370
228.5000	3.250
228.5208	3.450
228.5417	3.630
228.5625	3.770
228.5833	3.760
228.6042	3.700
228.6250	3.620
228.6458	3.770
228.6667	3.590
228.6875	3.710
228.7083	3.710
228.7292	3.740
228.7500	3.830
228.7708	3.780
228.7917	3.740
228.8125	3.850
228.8333	3.700
228.8542	4.050
228.8750	3.950
228.8958	3.960
228.9167	3.910
228.9375	3.760
228.9583	3.790
228.9792	3.590
229.0000	3.850
229.0208	3.420
229.0417	3.850
229.0625	3.720
229.0833	3.660
229.1042	3.620
229.1250	3.520
229.1458	3.610
229.1667	3.360
229.1875	3.750
229.2083	3.750
229.2292	3.850
229.2500	3.780
229.2708	3.530
229.2917	3.740
229.3125	3.830
229.3333	3.770
229.3542	3.720
229.3750	3.840
229.3958	3.610
229.4167	3.630
229.4375	3.540
229.4583	3.510
229.4792	3.340
229.5000	3.430
229.5208	3.350
229.5417	3.570
229.5625	3.500
229.5833	3.440
229.6042	3.470
229.6250	3.470
229.6458	3.580
229.6667	3.580
229.6875	3.640
229.7083	3.650
229.7292	3.820
229.7500	3.980
229.7708	4.090
229.7917	4.220
229.8125	4.250
229.8333	4.240
229.8542	4.430
229.8750	4.630
229.8958	4.760
229.9167	4.810
229.9375	4.870
229.9583	5.010
229.9792	5.050
230.0000	4.910
230.0208	4.890
230.0417	4.900
230.0625	4.710
230.0833	4.560
230.1042	4.530
230.1250	4.300
230.1458	4.210
230.1667	4.090
230.1875	4.070
230.2083	4.200
230.2292	4.130
230.2500	4.150
230.2708	4.110
230.2917	4.110
230.3125	4.100
230.3333	4.150
230.3542	4.090
230.3750	4.120
230.3958	4.110
230.4167	4.170
230.4375	3.910
230.4583	3.770
230.4792	3.460
230.5000	3.520
230.5208	3.450
230.5417	3.500
230.5625	4.010
230.5833	4.020
230.6042	4.020
230.6250	3.930
230.6458	4.060
230.6667	4.060
230.6875	4.060
230.7083	4.110
230.7292	4.060
230.7500	4.120
230.7708	4.070
230.7917	4.180
230.8125	4.160
230.8333	4.140
230.8542	4.080
230.8750	3.840
230.8958	4.070
230.9167	3.980
230.9375	4.050
230.9583	3.980
230.9792	4.010
231.0000	3.940
231.0208	4.020
231.0417	3.990
231.0625	4.030
231.0833	4.040
231.1042	3.960
231.1250	4.000
231.1458	4.140
231.1667	4.130
231.1875	4.110
231.2083	4.100
231.2292	3.770
231.2500	4.050
231.2708	3.890
231.2917	3.950
231.3125	3.920
231.3333	3.780
231.3542	3.910
231.3750	3.780
231.3958	3.770
231.4167	3.830
231.4375	3.700
231.4583	3.860
231.4792	3.810
231.5000	3.870
231.5208	3.860
231.5417	3.800
231.5625	3.730
231.5833	3.800
231.6042	3.720
231.6250	3.800
231.6458	3.820
231.6667	3.690
231.6875	3.640
231.7083	3.670
231.7292	3.700
231.7500	3.690
231.7708	3.730
231.7917	3.650
231.8125	3.590
231.8333	3.640
231.8542	3.560
231.8750	3.460
231.8958	3.500
231.9167	3.440
231.9375	3.380
231.9583	3.410
231.9792	3.450
232.0000	3.260
232.0208	3.330
232.0417	3.270
232.0625	3.280
232.0833	3.220
232.1042	3.350
232.1250	3.320
232.1458	3.400
232.1667	3.210
232.1875	3.370
232.2083	3.230
232.2292	3.220
232.2500	0.780
232.2708	0.700
232.2917	0.440
232.3125	0.250
232.3333	0.020
232.3542	0.180
232.3750	0.220
232.3958	0.150
232.4167	0.120
232.4375	0.240
232.4583	0.040
232.4792	0.100
232.5000	0.020
232.5208	0.050
232.5417	0.000
232.5625	0.000
232.5833	0.000
232.6042	0.000
232.6250	0.000
232.6458	0.000
232.6667	0.000
232.6875	0.000
232.7083	0.000
232.7292	0.000
232.7500	0.000
232.7708	0.000
232.7917	0.000
232.8125	0.000
232.8333	0.000
232.8542	0.000
232.8750	0.140
232.8958	0.000
232.9167	0.000
232.9375	0.210
232.9583	0.070
232.9792	0.170
233.0000	0.290
233.0208	0.350
233.0417	0.490
233.0625	0.650
233.0833	0.810
233.1042	0.880
233.1250	1.030
233.1458	1.160
233.1667	1.260
233.1875	1.540
233.2083	1.710
233.2292	1.730
233.2500	1.900
233.2708	2.170
233.2917	2.480
233.3125	2.630
233.3333	3.030
233.3542	3.190
233.3750	2.970
233.3958	3.290
233.4167	3.340
233.4375	3.460
233.4583	3.960
233.4792	3.700
233.5000	3.970
233.5208	4.100
233.5417	4.420
233.5625	4.450
233.5833	4.630
233.6042	4.350
233.6250	4.840
233.6458	5.210
233.6667	5.570
233.6875	5.780
233.7083	5.720
233.7292	5.860
233.7500	5.950
233.7708	6.040
233.7917	6.230
233.8125	6.250
233.8333	6.550
233.8542	6.870
233.8750	6.660
233.8958	6.780
233.9167	7.050
233.9375	7.150
233.9583	7.840
233.9792	8.040
234.0000	7.820
234.0208	7.840
234.0417	7.780
234.0625	7.870
234.0833	7.790
234.1042	7.830
234.1250	7.780
234.1458	7.700
234.1667	7.610
234.1875	7.430
234.2083	7.300
234.2292	7.300
234.2500	7.340
234.2708	7.320
234.2917	7.300
234.3125	7.300
234.3333	7.250
234.3542	7.250
234.3750	7.230
234.3958	7.230
234.4167	7.160
234.4375	7.240
234.4583	7.270
234.4792	7.300
234.5000	7.270
234.5208	7.280
234.5417	7.490
234.5625	7.450
234.5833	7.400
234.6042	7.450
234.6250	7.540
234.6458	7.550
234.6667	7.510
234.6875	7.450
234.7083	7.530
234.7292	7.360
234.7500	7.440
234.7708	7.510
234.7917	7.490
234.8125	7.420
234.8333	7.380
234.8542	7.380
234.8750	7.560
234.8958	7.580
234.9167	7.570
234.9375	7.630
234.9583	7.710
234.9792	7.740
235.0000	7.720
235.0208	7.700
235.0417	7.600
235.0625	7.500
235.0833	7.560
235.1042	7.540
235.1250	7.560
235.1458	7.650
235.1667	7.620
235.1875	7.540
235.2083	7.560
235.2292	7.630
235.2500	7.650
235.2708	7.760
235.2917	7.740
235.3125	7.620
235.3333	7.620
235.3542	7.750
235.3750	7.580
235.3958	7.600
235.4167	7.600
235.4375	7.560
235.4583	7.660
235.4792	8.010
235.5000	8.220
235.5208	8.220
235.5417	8.300
235.5625	8.510
235.5833	8.520
235.6042	8.630
235.6250	8.560
235.6458	8.690
235.6667	8.730
235.6875	8.670
235.7083	8.680
235.7292	8.510
235.7500	8.330
235.7708	8.260
235.7917	8.230
235.8125	8.340
235.8333	8.190
235.8542	8.170
235.8750	7.790
235.8958	7.960
235.9167	8.250
235.9375	8.000
235.9583	8.170
235.9792	8.280
236.0000	8.240
236.0208	8.260
236.0417	8.190
236.0625	8.480
236.0833	8.560
236.1042	8.610
236.1250	8.680
236.1458	8.610
236.1667	8.310
236.1875	8.400
236.2083	8.240
236.2292	8.160
236.2500	7.940
236.2708	8.020
236.2917	7.820
236.3125	7.950
236.3333	7.780
236.3542	7.660
236.3750	7.610
236.3958	7.650
236.4167	7.690
236.4375	7.750
236.4583	7.940
236.4792	7.870
236.5000	7.690
236.5208	8.040
236.5417	8.040
236.5625	8.030
236.5833	7.780
236.6042	7.680
236.6250	7.770
236.6458	7.790
236.6667	7.780
236.6875	7.960
236.7083	7.620
236.7292	7.660
236.7500	7.730
236.7708	7.680
236.7917	8.080
236.8125	7.670
236.8333	8.540
236.8542	7.870
236.8750	8.750
236.8958	8.080
236.9167	7.920
236.9375	7.820
236.9583	7.750
236.9792	7.630
237.0000	7.350
237.0208	7.700
237.0417	7.770
237.0625	7.690
237.0833	7.850
237.1042	8.840
237.1250	7.770
237.1458	7.740
237.1667	7.750
237.1875	8.380
237.2083	7.440
237.2292	7.570
237.2500	7.170
237.2708	7.560
237.2917	7.170
237.3125	7.380
237.3333	7.400
237.3542	7.070
237.3750	7.750
237.3958	7.440
237.4167	7.610
237.4375	7.500
237.4583	7.430
237.4792	7.420
237.5000	7.400
237.5208	7.690
237.5417	8.030
237.5625	7.980
237.5833	8.160
237.6042	8.110
237.6250	8.260
237.6458	8.160
237.6667	9.390
237.6875	8.630
237.7083	8.370
237.7292	8.190
237.7500	8.560
237.7708	8.400
237.7917	8.220
237.8125	9.110
237.8333	9.010
237.8542	9.110
237.8750	8.340
237.8958	8.280
237.9167	8.190
237.9375	8.070
237.9583	8.160
237.9792	8.250
238.0000	8.070
238.0208	8.060
238.0417	8.080
238.0625	8.010
238.0833	7.940
238.1042	7.920
238.1250	7.860
238.1458	7.810
238.1667	7.760
238.1875	7.880
238.2083	7.790
238.2292	7.600
238.2500	7.570
238.2708	7.530
238.2917	7.640
238.3125	7.560
238.3333	7.260
238.3542	7.430
238.3750	7.410
238.3958	7.460
238.4167	7.460
238.4375	7.310
238.4583	7.300
238.4792	7.350
238.5000	7.260
238.5208	7.210
238.5417	7.860
238.5625	7.990
238.5833	7.170
238.6042	7.370
238.6250	7.330
238.6458	7.270
238.6667	7.250
238.6875	7.170
238.7083	7.660
238.7292	7.550
238.7500	7.540
238.7708	7.490
238.7917	7.480
238.8125	7.430
238.8333	7.440
238.8542	7.340
238.8750	7.300
238.8958	6.900
238.9167	7.110
238.9375	7.210
238.9583	6.910
238.9792	7.100
239.0000	7.120
239.0208	7.110
239.0417	7.250
239.0625	7.070
239.0833	7.290
239.1042	6.550
239.1250	6.640
239.1458	6.590
239.1667	6.730
239.1875	6.850
239.2083	6.860
239.2292	6.830
239.2500	6.860
239.2708	6.890
239.2917	7.750
239.3125	6.970
239.3333	6.800
239.3542	6.730
239.3750	6.860
239.3958	6.840
239.4167	6.670
239.4375	6.670
239.4583	6.640
239.4792	6.210
239.5000	6.520
239.5208	6.580
239.5417	7.390
239.5625	6.640
239.5833	6.510
239.6042	6.550
239.6250	6.570
239.6458	6.600
239.6667	6.560
239.6875	6.520
239.7083	6.440
239.7292	6.390
239.7500	6.190
239.7708	6.030
239.7917	6.160
239.8125	6.130
239.8333	6.090
239.8542	6.070
239.8750	5.960
239.8958	6.030
239.9167	6.020
239.9375	6.060
239.9583	6.060
239.9792	6.030
240.0000	6.050
240.0208	6.030
240.0417	6.020
240.0625	5.960
240.0833	5.900
240.1042	5.890
240.1250	5.800
240.1458	5.800
240.1667	5.800
240.1875	5.750
240.2083	5.680
240.2292	5.740
240.2500	5.700
240.2708	5.700
240.2917	5.660
240.3125	6.170
240.3333	5.820
240.3542	5.450
240.3750	5.440
240.3958	5.610
240.4167	5.420
240.4375	5.500
240.4583	5.530
240.4792	5.530
240.5000	5.340
240.5208	5.870
240.5417	5.620
240.5625	5.450
240.5833	5.800
240.6042	5.420
240.6250	5.130
240.6458	5.360
240.6667	5.320
240.6875	5.330
240.7083	5.720
240.7292	5.120
240.7500	5.360
240.7708	5.270
240.7917	5.290
240.8125	5.310
240.8333	5.380
240.8542	5.430
240.8750	5.470
240.8958	5.250
240.9167	5.130
240.9375	5.170
240.9583	4.990
240.9792	5.310
241.0000	5.250
241.0208	5.120
241.0417	5.010
241.0625	5.350
241.0833	5.220
241.1042	5.320
241.1250	5.240
241.1458	5.380
241.1667	4.790
241.1875	4.450
241.2083	5.570
241.2292	5.230
241.2500	5.290
241.2708	4.910
241.2917	5.210
241.3125	5.070
241.3333	5.160
241.3542	5.260
241.3750	5.280
241.3958	5.240
241.4167	5.320
241.4375	5.040
241.4583	4.900
241.4792	4.970
241.5000	5.020
241.5208	5.020
241.5417	4.920
241.5625	4.760
241.5833	4.480
241.6042	4.760
241.6250	4.710
241.6458	4.810
241.6667	4.640
241.6875	4.610
241.7083	4.440
241.7292	4.440
241.7500	4.660
241.7708	4.260
241.7917	3.930
241.8125	4.200
241.8333	4.210
241.8542	4.310
241.8750	4.220
241.8958	3.850
241.9167	3.830
241.9375	4.340
241.9583	4.700
241.9792	4.410
242.0000	4.410
242.0208	4.580
242.0417	4.830
242.0625	4.810
242.0833	4.420
242.1042	3.580
242.1250	3.860
242.1458	4.150
242.1667	3.980
242.1875	4.030
242.2083	3.790
242.2292	3.840
242.2500	3.390
242.2708	3.730
242.2917	3.270
242.3125	3.460
242.3333	3.310
242.3542	3.690
242.3750	3.750
242.3958	3.590
242.4167	3.630
242.4375	3.570
242.4583	3.460
242.4792	3.340
242.5000	3.030
242.5208	3.040
242.5417	3.230
242.5625	4.240
242.5833	2.930
242.6042	3.930
242.6250	2.870
242.6458	2.080
242.6667	3.800
242.6875	2.440
242.7083	4.380
242.7292	4.150
242.7500	4.370
242.7708	4.660
242.7917	3.170
242.8125	4.600
242.8333	4.490
242.8542	4.600
242.8750	4.690
242.8958	4.710
242.9167	4.700
242.9375	4.790
242.9583	4.780
242.9792	4.650
243.0000	4.710
243.0208	4.730
243.0417	3.630
243.0625	4.310
243.0833	3.660
243.1042	4.330
243.1250	3.720
243.1458	3.820
243.1667	3.900
243.1875	3.810
243.2083	3.710
243.2292	3.730
243.2500	3.050
243.2708	3.570
243.2917	3.430
243.3125	3.300
243.3333	3.060
243.3542	3.240
243.3750	3.200
243.3958	3.110
243.4167	2.880
243.4375	3.000
243.4583	3.140
243.4792	3.210
243.5000	2.990
243.5208	2.820
243.5417	2.740
243.5625	2.620
243.5833	2.470
243.6042	2.250
243.6250	2.120
243.6458	1.960
243.6667	1.760
243.6875	1.610
243.7083	1.460
243.7292	1.290
243.7500	1.330
243.7708	1.520
243.7917	1.290
243.8125	1.020
243.8333	0.950
243.8542	1.040
243.8750	0.850
243.8958	0.680
243.9167	0.790
243.9375	0.830
243.9583	0.770
243.9792	0.110
244.0000	0.720
244.0208	0.960
244.0417	1.140
244.0625	1.040
244.0833	1.190
244.1042	1.600
244.1250	1.730
244.1458	2.010
244.1667	2.330
244.1875	2.880
244.2083	3.030
244.2292	3.120
244.2500	3.010
244.2708	3.050
244.2917	2.810
244.3125	2.850
244.3333	2.900
244.3542	2.900
244.3750	2.920
244.3958	2.770
244.4167	2.840
244.4375	3.260
244.4583	3.340
244.4792	3.620
244.5000	3.610
244.5208	3.480
244.5417	3.460
244.5625	3.330
244.5833	3.000
244.6042	3.010
244.6250	3.030
244.6458	3.000
244.6667	2.920
244.6875	2.970
244.7083	2.890
244.7292	2.860
244.7500	2.870
244.7708	2.890
244.7917	2.920
244.8125	2.760
244.8333	2.880
244.8542	2.790
244.8750	2.660
244.8958	2.670
244.9167	2.780
244.9375	2.750
244.9583	2.840
244.9792	2.890
245.0000	2.950
245.0208	2.640
245.0417	3.040
245.0625	2.970
245.0833	3.240
245.1042	3.020
245.1250	2.940
245.1458	2.850
245.1667	2.910
245.1875	3.260
245.2083	3.140
245.2292	3.110
245.2500	3.030
245.2708	2.920
245.2917	2.590
245.3125	2.930
245.3333	2.810
245.3542	2.810
245.3750	2.500
245.3958	2.590
245.4167	2.480
245.4375	2.540
245.4583	2.190
245.4792	2.040
245.5000	2.280
245.5208	2.090
245.5417	2.310
245.5625	2.320
245.5833	2.370
245.6042	2.160
245.6250	2.090
245.6458	2.270
245.6667	2.350
245.6875	2.430
245.7083	2.460
245.7292	2.490
245.7500	2.270
245.7708	2.260
245.7917	2.250
245.8125	2.080
245.8333	1.940
245.8542	1.670
245.8750	0.940
245.8958	1.110
245.9167	1.220
245.9375	1.230
245.9583	1.200
245.9792	1.080
246.0000	1.230
246.0208	1.270
246.0417	1.340
246.0625	0.970
246.0833	1.000
246.1042	0.810
246.1250	0.780
246.1458	0.750
246.1667	1.150
246.1875	1.060
246.2083	0.850
246.2292	0.900
246.2500	0.590
246.2708	0.660
246.2917	0.760
246.3125	0.940
246.3333	0.850
246.3542	0.660
246.3750	0.460
246.3958	0.350
246.4167	0.450
246.4375	0.330
246.4583	0.350
246.4792	0.300
246.5000	0.100
246.5208	0.060
246.5417	0.320
246.5625	0.230
246.5833	0.100
246.6042	0.070
246.6250	0.140
246.6458	0.000
246.6667	0.000
246.6875	0.000
246.7083	0.000
246.7292	0.000
246.7500	0.000
246.7708	0.000
246.7917	0.000
246.8125	0.000
246.8333	0.000
246.8542	0.000
246.8750	0.000
246.8958	0.000
246.9167	0.000
246.9375	0.000
246.9583	nan
246.9792	nan
247.0000	nan
247.0208	nan
247.0417	nan
247.0625	0.000
247.0833	nan
247.1042	0.000
247.1250	0.000
247.1458	0.000
247.1667	0.000
247.1875	0.000
247.2083	0.000
247.2292	0.000
247.2500	0.000
247.2708	0.000
247.2917	0.000
247.3125	0.000
247.3333	0.000
247.3542	0.000
247.3750	0.000
247.3958	0.000
247.4167	0.000
247.4375	0.000
247.4583	0.000
247.4792	0.000
247.5000	0.000
247.5208	0.000
247.5417	0.000
247.5625	0.000
247.5833	0.000
247.6042	0.000
247.6250	0.000
247.6458	0.000
247.6667	0.000
247.6875	0.000
247.7083	0.000
247.7292	0.000
247.7500	0.000
247.7708	0.000
247.7917	0.000
247.8125	0.000
247.8333	0.000
247.8542	0.000
247.8750	0.000
247.8958	0.000
247.9167	0.000
247.9375	0.000
247.9583	0.000
247.9792	0.000
248.0000	0.000
248.0208	0.000
248.0417	0.000
248.0625	0.000
248.0833	0.000
248.1042	0.000
248.1250	0.040
248.1458	0.050
248.1667	0.100
248.1875	0.050
248.2083	0.550
248.2292	0.300
248.2500	0.890
248.2708	0.360
248.2917	0.460
248.3125	0.510
248.3333	0.500
248.3542	0.670
248.3750	0.690
248.3958	0.590
248.4167	0.580
248.4375	0.910
248.4583	0.640
248.4792	0.240
248.5000	0.450
248.5208	0.330
248.5417	0.020
248.5625	0.390
248.5833	0.860
248.6042	0.480
248.6250	0.000
248.6458	0.000
248.6667	0.000
248.6875	0.000
248.7083	0.000
248.7292	0.090
248.7500	0.000
248.7708	0.000
248.7917	0.000
248.8125	nan
248.8333	0.000
248.8542	0.000
248.8750	0.000
248.8958	0.000
248.9167	0.000
248.9375	0.000
248.9583	0.000
248.9792	0.000
249.0000	0.420
249.0208	0.000
249.0417	0.000
249.0625	0.000
249.0833	0.000
249.1042	0.000
249.1250	0.000
249.1458	0.280
249.1667	0.000
249.1875	0.000
249.2083	0.000
249.2292	0.000
249.2500	0.000
249.2708	0.000
249.2917	0.000
249.3125	0.000
249.3333	nan
249.3542	0.000
249.3750	0.000
249.3958	0.000
249.4167	0.000
249.4375	0.000
249.4583	0.000
249.4792	0.000
249.5000	0.000
249.5208	0.000
249.5417	0.000
249.5625	0.000
249.5833	0.000
249.6042	0.000
249.6250	0.000
249.6458	0.000
249.6667	0.000
249.6875	0.000
249.7083	nan
249.7292	0.000
249.7500	nan
249.7708	0.000
249.7917	0.000
249.8125	0.000
249.8333	nan
249.8542	0.000
249.8750	nan
249.8958	0.000
249.9167	0.000
249.9375	nan
249.9583	0.000
249.9792	nan
250.0000	0.000
250.0208	0.000
250.0417	nan
250.0625	nan
250.0833	0.000
250.1042	0.000
250.1250	0.000
250.1458	0.000
250.1667	0.000
250.1875	0.000
250.2083	0.000
250.2292	0.000
250.2500	0.000
250.2708	0.000
250.2917	0.000
250.3125	0.000
250.3333	0.000
250.3542	0.220
250.3750	0.000
250.3958	1.790
250.4167	1.410
250.4375	1.400
250.4583	1.480
250.4792	1.230
250.5000	0.910
250.5208	0.830
250.5417	0.730
250.5625	0.750
250.5833	0.000
250.6042	0.000
250.6250	0.970
250.6458	0.000
250.6667	0.000
250.6875	0.000
250.7083	0.000
250.7292	0.000
250.7500	0.000
250.7708	0.000
250.7917	0.000
250.8125	0.000
250.8333	0.000
250.8542	0.000
250.8750	0.650
250.8958	0.000
250.9167	0.000
250.9375	0.000
250.9583	0.000
250.9792	0.000
251.0000	0.000
251.0208	0.000
251.0417	0.000
251.0625	0.000
251.0833	0.060
251.1042	0.120
251.1250	0.000
251.1458	0.000
251.1667	0.000
251.1875	0.000
251.2083	0.000
251.2292	0.000
251.2500	0.000
251.2708	0.230
251.2917	0.000
251.3125	0.000
251.3333	0.000
251.3542	0.000
251.3750	0.000
251.3958	0.000
251.4167	0.000
251.4375	0.040
251.4583	0.000
251.4792	0.000
251.5000	0.000
251.5208	0.000
251.5417	0.000
251.5625	0.000
251.5833	0.210
251.6042	0.000
251.6250	0.000
251.6458	0.000
251.6667	0.000
251.6875	0.000
251.7083	0.000
251.7292	0.000
251.7500	0.000
251.7708	0.000
251.7917	0.000
251.8125	0.000
251.8333	0.000
251.8542	0.000
251.8750	0.000
251.8958	0.000
251.9167	0.000
251.9375	0.000
251.9583	nan
251.9792	0.250
252.0000	0.300
252.0208	0.000
252.0417	0.000
252.0625	0.700
252.0833	0.610
252.1042	0.640
252.1250	0.000
252.1458	0.410
252.1667	0.760
252.1875	0.180
252.2083	0.770
252.2292	0.800
252.2500	0.820
252.2708	0.780
252.2917	0.920
252.3125	0.000
252.3333	0.000
252.3542	0.160
252.3750	0.140
252.3958	0.210
252.4167	0.110
252.4375	0.060
252.4583	0.000
252.4792	nan
252.5000	0.060
252.5208	0.010
252.5417	0.190
252.5625	0.090
252.5833	0.000
252.6042	0.000
252.6250	0.000
252.6458	0.130
252.6667	0.140
252.6875	0.160
252.7083	0.150
252.7292	0.150
252.7500	0.000
252.7708	0.190
252.7917	0.000
252.8125	0.270
252.8333	0.100
252.8542	0.070
252.8750	0.110
252.8958	0.010
252.9167	0.020
252.9375	0.000
252.9583	0.010
252.9792	0.030
253.0000	0.080
253.0208	0.120
253.0417	0.030
253.0625	0.250
253.0833	0.400
253.1042	0.450
253.1250	0.420
253.1458	0.400
253.1667	0.380
253.1875	0.420
253.2083	0.440
253.2292	0.420
253.2500	0.410
253.2708	0.350
253.2917	0.280
253.3125	0.100
253.3333	0.000
253.3542	0.000
253.3750	0.000
253.3958	0.160
253.4167	0.000
253.4375	0.030
253.4583	0.100
253.4792	0.000
253.5000	0.000
253.5208	0.000
253.5417	0.000
253.5625	0.000
253.5833	0.000
253.6042	0.000
253.6250	0.010
253.6458	0.000
253.6667	0.050
253.6875	0.150
253.7083	0.190
253.7292	0.050
253.7500	0.070
253.7708	0.000
253.7917	0.000
253.8125	0.000
253.8333	0.000
253.8542	0.000
253.8750	0.000
253.8958	0.000
253.9167	0.000
253.9375	0.000
253.9583	0.000
253.9792	0.000
254.0000	0.000
254.0208	0.000
254.0417	0.000
254.0625	0.000
254.0833	0.000
254.1042	0.000
254.1250	0.060
254.1458	0.090
254.1667	0.150
254.1875	0.140
254.2083	0.160
254.2292	0.150
254.2500	0.060
254.2708	0.110
254.2917	nan
254.3125	0.020
254.3333	nan
254.3542	0.000
254.3750	0.190
254.3958	0.000
254.4167	0.080
254.4375	0.070
254.4583	0.350
254.4792	0.300
254.5000	0.270
254.5208	0.230
254.5417	0.110
254.5625	0.020
254.5833	0.000
254.6042	nan
254.6250	0.000
254.6458	0.780
254.6667	0.880
254.6875	1.010
254.7083	1.080
254.7292	1.230
254.7500	1.330
254.7708	1.330
254.7917	0.140
254.8125	0.260
254.8333	0.180
254.8542	0.120
254.8750	1.530
254.8958	1.480
254.9167	0.240
254.9375	0.200
254.9583	0.350
254.9792	0.410
255.0000	0.570
255.0208	0.670
255.0417	0.920
255.0625	1.040
255.0833	1.090
255.1042	1.270
255.1250	nan
255.1458	2.220
255.1667	2.240
255.1875	2.290
255.2083	2.210
255.2292	1.850
255.2500	1.200
255.2708	1.170
255.2917	0.950
255.3125	0.990
255.3333	0.890
255.3542	0.780
255.3750	0.790
255.3958	0.000
255.4167	1.030
255.4375	0.590
255.4583	0.640
255.4792	0.570
255.5000	0.480
255.5208	0.430
255.5417	0.390
255.5625	0.390
255.5833	0.380
255.6042	0.280
255.6250	0.240
255.6458	0.240
255.6667	0.280
255.6875	0.230
255.7083	0.120
255.7292	0.110
255.7500	0.220
255.7708	0.170
255.7917	0.080
255.8125	0.010
255.8333	0.230
255.8542	0.240
255.8750	0.320
255.8958	0.430
255.9167	0.500
255.9375	0.520
255.9583	0.500
255.9792	0.570
256.0000	0.510
256.0208	0.510
256.0417	0.550
256.0625	0.530
256.0833	0.540
256.1042	0.540
256.1250	0.390
256.1458	0.460
256.1667	0.360
256.1875	0.360
256.2083	0.360
256.2292	0.390
256.2500	0.420
256.2708	0.540
256.2917	0.580
256.3125	0.590
256.3333	0.580
256.3542	0.580
256.3750	0.630
256.3958	0.000
256.4167	0.000
256.4375	0.620
256.4583	0.530
256.4792	0.070
256.5000	0.550
256.5208	0.500
256.5417	0.510
256.5625	0.510
256.5833	0.480
256.6042	0.390
256.6250	0.290
256.6458	0.280
256.6667	0.330
256.6875	0.290
256.7083	0.130
256.7292	0.150
256.7500	nan
256.7708	nan
256.7917	0.020
256.8125	0.000
256.8333	0.000
256.8542	0.010
256.8750	0.150
256.8958	0.290
256.9167	0.180
256.9375	0.300
256.9583	0.100
256.9792	0.210
257.0000	0.220
257.0208	0.300
257.0417	0.310
257.0625	0.220
257.0833	0.330
257.1042	0.350
257.1250	nan
257.1458	0.520
257.1667	0.420
257.1875	1.310
257.2083	1.260
257.2292	1.200
257.2500	1.340
257.2708	1.350
257.2917	1.320
257.3125	1.310
257.3333	1.310
257.3542	1.130
257.3750	1.130
257.3958	1.310
257.4167	1.130
257.4375	1.080
257.4583	1.050
257.4792	1.070
257.5000	0.150
257.5208	0.090
257.5417	1.060
257.5625	1.060
257.5833	1.050
257.6042	0.940
257.6250	0.900
257.6458	0.970
257.6667	0.830
257.6875	0.820
257.7083	0.850
257.7292	0.780
257.7500	0.790
257.7708	0.700
257.7917	0.730
257.8125	0.730
257.8333	0.770
257.8542	0.660
257.8750	0.670
257.8958	0.640
257.9167	0.680
257.9375	0.700
257.9583	0.650
257.9792	0.660
258.0000	0.620
258.0208	0.630
258.0417	0.730
258.0625	0.570
258.0833	0.570
258.1042	0.620
258.1250	0.750
258.1458	0.600
258.1667	0.660
258.1875	0.670
258.2083	0.690
258.2292	0.000
258.2500	0.000
258.2708	0.000
258.2917	0.000
258.3125	0.000
258.3333	0.030
258.3542	0.030
258.3750	0.080
258.3958	0.020
258.4167	0.000
258.4375	0.000
258.4583	0.010
258.4792	0.000
258.5000	0.030
258.5208	0.020
258.5417	0.000
258.5625	0.060
258.5833	0.060
258.6042	0.090
258.6250	0.080
258.6458	0.040
258.6667	0.000
258.6875	0.040
258.7083	0.000
258.7292	0.000
258.7500	0.050
258.7708	0.000
258.7917	0.000
258.8125	0.000
258.8333	0.000
258.8542	0.000
258.8750	0.000
258.8958	0.000
258.9167	0.000
258.9375	0.000
258.9583	0.040
258.9792	0.000
259.0000	0.000
259.0208	0.000
259.0417	0.000
259.0625	0.000
259.0833	0.000
259.1042	0.000
259.1250	0.000
259.1458	0.000
259.1667	0.000
259.1875	0.000
259.2083	0.000
259.2292	0.000
259.2500	0.000
259.2708	0.000
259.2917	0.000
259.3125	0.000
259.3333	0.000
259.3542	0.000
259.3750	0.000
259.3958	0.000
259.4167	0.000
259.4375	0.000
259.4583	0.000
259.4792	0.000
259.5000	0.000
259.5208	0.000
259.5417	0.040
259.5625	0.010
259.5833	0.050
259.6042	0.080
259.6250	0.080
259.6458	0.050
259.6667	0.010
259.6875	0.050
259.7083	0.030
259.7292	0.000
259.7500	0.000
259.7708	0.000
259.7917	0.000
259.8125	0.310
259.8333	0.260
259.8542	0.230
259.8750	0.120
259.8958	0.240
259.9167	0.250
259.9375	0.320
259.9583	0.250
259.9792	0.190
260.0000	0.280
260.0208	0.380
260.0417	0.490
260.0625	0.420
260.0833	0.440
260.1042	0.540
260.1250	0.420
260.1458	0.470
260.1667	0.570
260.1875	0.490
260.2083	0.660
260.2292	0.750
260.2500	0.750
260.2708	0.670
260.2917	0.510
260.3125	0.640
260.3333	0.650
260.3542	0.560
260.3750	0.580
260.3958	0.620
260.4167	0.540
260.4375	0.600
260.4583	0.600
260.4792	0.540
260.5000	0.610
260.5208	0.710
260.5417	0.720
260.5625	0.720
260.5833	0.660
260.6042	0.690
260.6250	0.630
260.6458	0.410
260.6667	0.370
260.6875	0.530
260.7083	0.430
260.7292	0.560
260.7500	0.510
260.7708	0.570
260.7917	2.340
260.8125	2.420
260.8333	2.580
260.8542	2.790
260.8750	2.750
260.8958	2.590
260.9167	2.840
260.9375	2.940
260.9583	2.910
260.9792	2.920
261.0000	2.900
261.0208	2.770
261.0417	2.910
261.0625	2.800
261.0833	2.620
261.1042	3.610
261.1250	2.580
261.1458	2.410
261.1667	2.290
261.1875	2.120
261.2083	2.140
261.2292	2.930
261.2500	2.860
261.2708	2.670
261.2917	2.680
261.3125	2.610
261.3333	2.630
261.3542	2.600
261.3750	2.930
261.3958	2.610
261.4167	2.490
261.4375	2.580
261.4583	2.380
261.4792	2.650
261.5000	2.480
261.5208	2.340
261.5417	2.310
261.5625	2.310
261.5833	2.350
261.6042	2.370
261.6250	2.290
261.6458	2.180
261.6667	2.170
261.6875	2.060
261.7083	2.130
261.7292	2.050
261.7500	2.100
261.7708	2.080
261.7917	2.120
261.8125	2.080
261.8333	2.150
261.8542	2.090
261.8750	2.130
261.8958	2.190
261.9167	2.190
261.9375	2.250
261.9583	2.200
261.9792	2.230
262.0000	2.260
262.0208	2.290
262.0417	2.220
262.0625	2.280
262.0833	2.210
262.1042	2.220
262.1250	2.140
262.1458	2.130
262.1667	2.200
262.1875	2.320
262.2083	2.230
262.2292	2.320
262.2500	2.160
262.2708	2.170
262.2917	2.240
262.3125	2.190
262.3333	2.190
262.3542	2.210
262.3750	2.150
262.3958	2.220
262.4167	2.220
262.4375	2.160
262.4583	2.220
262.4792	2.170
262.5000	2.180
262.5208	2.280
262.5417	2.330
262.5625	2.340
262.5833	2.280
262.6042	2.360
262.6250	2.380
262.6458	2.390
262.6667	2.350
262.6875	2.210
262.7083	2.150
262.7292	2.010
262.7500	1.910
262.7708	1.930
262.7917	1.760
262.8125	1.920
262.8333	1.910
262.8542	1.840
262.8750	1.900
262.8958	1.880
262.9167	1.890
262.9375	2.000
262.9583	1.960
262.9792	1.940
263.0000	1.920
263.0208	1.930
263.0417	1.800
263.0625	1.900
263.0833	2.860
263.1042	1.880
263.1250	1.860
263.1458	1.990
263.1667	2.020
263.1875	2.040
263.2083	1.960
263.2292	1.910
263.2500	1.870
