date	do
200.1875	8.040
200.2083	7.740
200.2292	7.780
200.2500	7.840
200.2708	7.870
200.2917	7.900
200.3125	7.900
200.3333	7.900
200.3542	7.920
200.3750	7.930
200.3958	7.920
200.4167	7.940
200.4375	7.940
200.4583	7.950
200.4792	7.970
200.5000	7.950
200.5208	7.940
200.5417	7.950
200.5625	7.950
200.5833	7.950
200.6042	nan
200.6250	nan
200.6458	nan
200.6667	nan
200.6875	nan
200.7083	nan
200.7292	nan
200.7500	nan
200.7708	nan
200.7917	nan
200.8125	nan
200.8333	nan
200.8542	nan
200.8750	nan
200.8958	nan
200.9167	nan
200.9375	nan
200.9583	nan
200.9792	nan
201.0000	nan
201.0208	nan
201.0417	nan
201.0625	nan
201.0833	nan
201.1042	nan
201.1250	nan
201.1458	nan
201.1667	nan
201.1875	nan
201.2083	nan
201.2292	nan
201.2500	nan
201.2708	nan
201.2917	nan
201.3125	5.670
201.3333	6.140
201.3542	6.990
201.3750	6.950
201.3958	7.320
201.4167	7.890
201.4375	7.370
201.4583	7.210
201.4792	7.060
201.5000	7.400
201.5208	7.500
201.5417	7.270
201.5625	7.190
201.5833	7.340
201.6042	7.180
201.6250	7.080
201.6458	7.000
201.6667	7.140
201.6875	7.080
201.7083	7.080
201.7292	7.140
201.7500	7.490
201.7708	7.130
201.7917	7.370
201.8125	7.440
201.8333	7.410
201.8542	7.420
201.8750	7.440
201.8958	7.430
201.9167	7.490
201.9375	7.490
201.9583	7.510
201.9792	7.490
202.0000	7.520
202.0208	7.500
202.0417	7.480
202.0625	7.480
202.0833	7.460
202.1042	7.430
202.1250	7.440
202.1458	7.450
202.1667	7.470
202.1875	7.470
202.2083	7.500
202.2292	7.500
202.2500	7.510
202.2708	7.500
202.2917	7.520
202.3125	7.510
202.3333	7.510
202.3542	7.490
202.3750	7.500
202.3958	7.470
202.4167	7.470
202.4375	7.460
202.4583	7.450
202.4792	7.460
202.5000	7.470
202.5208	nan
202.5417	nan
202.5625	nan
202.5833	nan
202.6042	nan
202.6250	nan
202.6458	nan
202.6667	nan
202.6875	nan
202.7083	nan
202.7292	nan
202.7500	nan
202.7708	nan
202.7917	nan
202.8125	nan
202.8333	nan
202.8542	nan
202.8750	nan
202.8958	nan
202.9167	nan
202.9375	nan
202.9583	nan
202.9792	nan
203.0000	nan
203.0208	nan
203.0417	nan
203.0625	nan
203.0833	nan
203.1042	nan
203.1250	nan
203.1458	nan
203.1667	nan
203.1875	nan
203.2083	nan
203.2292	nan
203.2500	nan
203.2708	nan
203.2917	nan
203.3125	nan
203.3333	nan
203.3542	nan
203.3750	nan
203.3958	nan
203.4167	nan
203.4375	nan
203.4583	nan
203.4792	nan
203.5000	nan
203.5208	nan
203.5417	nan
203.5625	nan
203.5833	nan
203.6042	nan
203.6250	nan
203.6458	nan
203.6667	nan
203.6875	nan
203.7083	nan
203.7292	nan
203.7500	nan
203.7708	nan
203.7917	nan
203.8125	7.580
203.8333	nan
203.8542	nan
203.8750	nan
203.8958	nan
203.9167	nan
203.9375	nan
203.9583	nan
203.9792	nan
204.0000	nan
204.0208	nan
204.0417	nan
204.0625	nan
204.0833	nan
204.1042	nan
204.1250	nan
204.1458	nan
204.1667	nan
204.1875	nan
204.2083	nan
204.2292	nan
204.2500	nan
204.2708	nan
204.2917	nan
204.3125	nan
204.3333	nan
204.3542	nan
204.3750	nan
204.3958	nan
204.4167	nan
204.4375	nan
204.4583	nan
204.4792	nan
204.5000	nan
204.5208	nan
204.5417	nan
204.5625	nan
204.5833	nan
204.6042	nan
204.6250	nan
204.6458	nan
204.6667	nan
204.6875	nan
204.7083	nan
204.7292	nan
204.7500	nan
204.7708	nan
204.7917	nan
204.8125	nan
204.8333	nan
204.8542	nan
204.8750	nan
204.8958	nan
204.9167	nan
204.9375	7.210
204.9583	nan
204.9792	nan
205.0000	nan
205.0208	nan
205.0417	nan
205.0625	nan
205.0833	nan
205.1042	nan
205.1250	nan
205.1458	nan
205.1667	nan
205.1875	nan
205.2083	nan
205.2292	nan
205.2500	nan
205.2708	nan
205.2917	nan
205.3125	nan
205.3333	nan
205.3542	nan
205.3750	nan
205.3958	nan
205.4167	nan
205.4375	nan
205.4583	nan
205.4792	nan
205.5000	nan
205.5208	nan
205.5417	nan
205.5625	nan
205.5833	nan
205.6042	nan
205.6250	nan
205.6458	nan
205.6667	nan
205.6875	nan
205.7083	nan
205.7292	nan
205.7500	nan
205.7708	nan
205.7917	nan
205.8125	nan
205.8333	nan
205.8542	nan
205.8750	nan
205.8958	nan
205.9167	nan
205.9375	nan
205.9583	nan
205.9792	nan
206.0000	nan
206.0208	nan
206.0417	nan
206.0625	nan
206.0833	nan
206.1042	nan
206.1250	nan
206.1458	nan
206.1667	nan
206.1875	nan
206.2083	nan
206.2292	nan
206.2500	nan
206.2708	nan
206.2917	nan
206.3125	nan
206.3333	6.870
206.3542	nan
206.3750	nan
206.3958	nan
206.4167	nan
206.4375	nan
206.4583	nan
206.4792	nan
206.5000	nan
206.5208	nan
206.5417	nan
206.5625	nan
206.5833	nan
206.6042	nan
206.6250	nan
206.6458	nan
206.6667	nan
206.6875	nan
206.7083	nan
206.7292	nan
206.7500	nan
206.7708	nan
206.7917	nan
206.8125	nan
206.8333	nan
206.8542	nan
206.8750	nan
206.8958	nan
206.9167	nan
206.9375	nan
206.9583	nan
206.9792	nan
207.0000	nan
207.0208	6.680
207.0417	6.800
207.0625	6.800
207.0833	6.800
207.1042	nan
207.1250	nan
207.1458	nan
207.1667	nan
207.1875	6.990
207.2083	nan
207.2292	nan
207.2500	nan
207.2708	nan
207.2917	nan
207.3125	nan
207.3333	nan
207.3542	nan
207.3750	nan
207.3958	nan
207.4167	nan
207.4375	nan
207.4583	nan
207.4792	nan
207.5000	nan
207.5208	nan
207.5417	nan
207.5625	nan
207.5833	nan
207.6042	nan
207.6250	nan
207.6458	nan
207.6667	nan
207.6875	nan
207.7083	nan
207.7292	nan
207.7500	nan
207.7708	nan
207.7917	nan
207.8125	nan
207.8333	nan
207.8542	nan
207.8750	nan
207.8958	nan
207.9167	nan
207.9375	nan
207.9583	nan
207.9792	nan
208.0000	nan
208.0208	nan
208.0417	nan
208.0625	nan
208.0833	nan
208.1042	nan
208.1250	nan
208.1458	nan
208.1667	nan
208.1875	nan
208.2083	nan
208.2292	nan
208.2500	nan
208.2708	nan
208.2917	nan
208.3125	nan
208.3333	nan
208.3542	nan
208.3750	nan
208.3958	nan
208.4167	nan
208.4375	nan
208.4583	nan
208.4792	nan
208.5000	nan
208.5208	nan
208.5417	nan
208.5625	nan
208.5833	nan
208.6042	nan
208.6250	nan
208.6458	nan
208.6667	nan
208.6875	nan
208.7083	nan
208.7292	nan
208.7500	6.770
208.7708	nan
208.7917	nan
208.8125	nan
208.8333	nan
208.8542	nan
208.8750	nan
208.8958	nan
208.9167	nan
208.9375	nan
208.9583	nan
208.9792	nan
209.0000	nan
209.0208	nan
209.0417	nan
209.0625	nan
209.0833	nan
209.1042	nan
209.1250	nan
209.1458	nan
209.1667	nan
209.1875	nan
209.2083	nan
209.2292	nan
209.2500	nan
209.2708	nan
209.2917	nan
209.3125	nan
209.3333	nan
209.3542	nan
209.3750	nan
209.3958	nan
209.4167	nan
209.4375	nan
209.4583	nan
209.4792	nan
209.5000	6.390
209.5208	6.380
209.5417	nan
209.5625	nan
209.5833	nan
209.6042	nan
209.6250	nan
209.6458	nan
209.6667	nan
209.6875	nan
209.7083	nan
209.7292	nan
209.7500	nan
209.7708	nan
209.7917	nan
209.8125	nan
209.8333	nan
209.8542	nan
209.8750	nan
209.8958	nan
209.9167	nan
209.9375	nan
209.9583	nan
209.9792	nan
210.0000	nan
210.0208	nan
210.0417	nan
210.0625	nan
210.0833	nan
210.1042	nan
210.1250	6.190
210.1458	nan
210.1667	6.320
210.1875	nan
210.2083	nan
210.2292	nan
210.2500	nan
210.2708	6.170
210.2917	6.140
210.3125	6.170
210.3333	6.180
210.3542	6.200
210.3750	6.260
210.3958	6.270
210.4167	6.290
210.4375	6.330
210.4583	6.340
210.4792	6.350
210.5000	6.400
210.5208	6.450
210.5417	6.470
210.5625	6.480
210.5833	6.520
210.6042	6.520
210.6250	6.560
210.6458	6.540
210.6667	6.560
210.6875	6.520
210.7083	6.550
210.7292	6.550
210.7500	6.540
210.7708	6.550
210.7917	6.530
210.8125	6.530
210.8333	6.500
210.8542	6.480
210.8750	6.470
210.8958	6.450
210.9167	6.430
210.9375	6.430
210.9583	6.420
210.9792	6.400
211.0000	6.410
211.0208	6.390
211.0417	6.390
211.0625	6.360
211.0833	6.370
211.1042	6.370
211.1250	6.350
211.1458	6.350
211.1667	6.350
211.1875	6.350
211.2083	6.310
211.2292	6.290
211.2500	6.280
211.2708	6.260
211.2917	6.240
211.3125	6.240
211.3333	6.250
211.3542	6.230
211.3750	6.260
211.3958	6.270
211.4167	6.280
211.4375	6.250
211.4583	6.250
211.4792	6.240
211.5000	6.220
211.5208	6.210
211.5417	6.200
211.5625	6.190
211.5833	6.180
211.6042	6.180
211.6250	6.180
211.6458	6.170
211.6667	6.140
211.6875	6.140
211.7083	6.150
211.7292	6.180
211.7500	6.180
211.7708	6.180
211.7917	6.170
211.8125	6.160
211.8333	6.170
211.8542	6.150
211.8750	6.150
211.8958	6.140
211.9167	6.120
211.9375	6.100
211.9583	6.110
211.9792	6.100
212.0000	6.090
212.0208	6.080
212.0417	6.080
212.0625	6.070
212.0833	6.070
212.1042	6.060
212.1250	6.060
212.1458	6.050
212.1667	6.050
212.1875	6.030
212.2083	6.020
212.2292	6.030
212.2500	6.000
212.2708	5.990
212.2917	5.990
212.3125	5.980
212.3333	5.980
212.3542	5.960
212.3750	5.990
212.3958	5.990
212.4167	5.980
212.4375	5.970
212.4583	5.950
212.4792	5.960
212.5000	5.950
212.5208	5.940
212.5417	5.940
212.5625	5.930
212.5833	5.920
212.6042	5.920
212.6250	5.970
212.6458	5.920
212.6667	5.880
212.6875	5.880
212.7083	5.890
212.7292	5.900
212.7500	5.890
212.7708	5.870
212.7917	5.900
212.8125	5.870
212.8333	5.880
212.8542	5.890
212.8750	5.880
212.8958	5.880
212.9167	5.880
212.9375	5.890
212.9583	5.860
212.9792	5.890
213.0000	5.880
213.0208	5.880
213.0417	5.860
213.0625	5.860
213.0833	5.830
213.1042	5.840
213.1250	5.810
213.1458	5.840
213.1667	5.830
213.1875	5.820
213.2083	5.820
213.2292	5.800
213.2500	5.820
213.2708	5.800
213.2917	5.800
213.3125	5.740
213.3333	5.770
213.3542	5.760
213.3750	5.770
213.3958	5.760
213.4167	5.770
213.4375	5.760
213.4583	5.770
213.4792	5.760
213.5000	5.760
213.5208	5.760
213.5417	5.760
213.5625	5.780
213.5833	5.740
213.6042	5.740
213.6250	5.750
213.6458	5.740
213.6667	5.700
213.6875	5.640
213.7083	5.630
213.7292	5.680
213.7500	5.670
213.7708	5.680
213.7917	5.720
213.8125	5.610
213.8333	5.640
213.8542	5.610
213.8750	5.640
213.8958	5.620
213.9167	5.550
213.9375	5.610
213.9583	5.570
213.9792	5.590
214.0000	5.610
214.0208	5.650
214.0417	5.670
214.0625	5.480
214.0833	5.480
214.1042	5.620
214.1250	5.490
214.1458	5.540
214.1667	5.480
214.1875	5.370
214.2083	5.370
214.2292	5.450
214.2500	5.380
214.2708	5.350
214.2917	5.290
214.3125	5.280
214.3333	5.340
214.3542	5.380
214.3750	5.370
214.3958	5.430
214.4167	5.470
214.4375	5.480
214.4583	5.500
214.4792	5.500
214.5000	5.490
214.5208	5.500
214.5417	5.510
214.5625	5.480
214.5833	5.460
214.6042	5.460
214.6250	5.470
214.6458	5.490
214.6667	5.480
214.6875	5.500
214.7083	5.480
214.7292	5.490
214.7500	5.510
214.7708	5.500
214.7917	5.460
214.8125	5.480
214.8333	5.480
214.8542	5.480
214.8750	5.480
214.8958	5.460
214.9167	5.480
214.9375	5.450
214.9583	5.460
214.9792	5.440
215.0000	5.410
215.0208	5.400
215.0417	5.400
215.0625	5.380
215.0833	5.350
215.1042	5.360
215.1250	5.370
215.1458	5.390
215.1667	5.380
215.1875	5.340
215.2083	5.340
215.2292	5.370
215.2500	5.420
215.2708	5.440
215.2917	5.460
215.3125	5.480
215.3333	5.520
215.3542	5.530
215.3750	5.540
215.3958	5.540
215.4167	5.550
215.4375	5.550
215.4583	5.560
215.4792	5.550
215.5000	5.550
215.5208	5.550
215.5417	5.570
215.5625	5.570
215.5833	5.570
215.6042	5.550
215.6250	5.560
215.6458	5.580
215.6667	5.570
215.6875	5.580
215.7083	5.560
215.7292	5.530
215.7500	5.530
215.7708	5.520
215.7917	5.540
215.8125	5.570
215.8333	5.510
215.8542	5.530
215.8750	5.560
215.8958	5.520
215.9167	5.480
215.9375	5.470
215.9583	5.370
215.9792	5.390
216.0000	5.410
216.0208	5.450
216.0417	5.470
216.0625	5.330
216.0833	5.350
216.1042	5.350
216.1250	5.250
216.1458	5.220
216.1667	5.250
216.1875	5.260
216.2083	5.290
216.2292	5.300
216.2500	5.340
216.2708	5.360
216.2917	5.380
216.3125	5.380
216.3333	5.370
216.3542	5.360
216.3750	5.370
216.3958	5.390
216.4167	5.390
216.4375	5.420
216.4583	5.430
216.4792	5.470
216.5000	5.470
216.5208	5.410
216.5417	5.380
216.5625	5.390
216.5833	5.370
216.6042	5.370
216.6250	5.360
216.6458	5.370
216.6667	5.360
216.6875	5.360
216.7083	5.330
216.7292	5.330
216.7500	5.350
216.7708	5.330
216.7917	5.350
216.8125	5.340
216.8333	5.370
216.8542	5.390
216.8750	5.380
216.8958	5.420
216.9167	5.410
216.9375	5.430
216.9583	5.460
216.9792	5.420
217.0000	5.370
217.0208	5.360
217.0417	5.370
217.0625	5.350
217.0833	5.350
217.1042	5.330
217.1250	5.340
217.1458	5.330
217.1667	5.310
217.1875	5.290
217.2083	5.300
217.2292	5.270
217.2500	5.290
217.2708	5.270
217.2917	5.270
217.3125	5.250
217.3333	5.250
217.3542	5.230
217.3750	5.220
217.3958	5.220
217.4167	5.220
217.4375	5.220
217.4583	5.240
217.4792	5.220
217.5000	5.220
217.5208	5.200
217.5417	5.200
217.5625	5.170
217.5833	5.200
217.6042	5.190
217.6250	5.190
217.6458	5.190
217.6667	5.190
217.6875	5.160
217.7083	5.150
217.7292	5.150
217.7500	5.160
217.7708	5.180
217.7917	5.170
217.8125	5.170
217.8333	5.180
217.8542	5.170
217.8750	5.150
217.8958	5.150
217.9167	5.140
217.9375	5.130
217.9583	5.120
217.9792	5.110
218.0000	5.100
218.0208	5.110
218.0417	5.120
218.0625	5.120
218.0833	5.110
218.1042	5.110
218.1250	5.110
218.1458	5.100
218.1667	5.100
218.1875	5.080
218.2083	5.120
218.2292	5.100
218.2500	5.080
218.2708	5.080
218.2917	5.080
218.3125	5.090
218.3333	5.090
218.3542	5.080
218.3750	5.080
218.3958	5.070
218.4167	5.090
218.4375	5.100
218.4583	5.070
218.4792	5.070
218.5000	5.060
218.5208	5.050
218.5417	5.060
218.5625	5.040
218.5833	5.040
218.6042	5.040
218.6250	5.050
218.6458	5.040
218.6667	5.030
218.6875	5.020
218.7083	5.010
218.7292	4.990
218.7500	4.980
218.7708	4.960
218.7917	4.930
218.8125	4.920
218.8333	4.900
218.8542	4.880
218.8750	4.880
218.8958	4.860
218.9167	4.880
218.9375	4.870
218.9583	4.870
218.9792	4.870
219.0000	4.860
219.0208	4.880
219.0417	4.850
219.0625	4.850
219.0833	4.860
219.1042	4.850
219.1250	4.850
219.1458	4.860
219.1667	4.850
219.1875	4.840
219.2083	4.760
219.2292	4.770
219.2500	4.720
219.2708	4.720
219.2917	4.750
219.3125	4.760
219.3333	4.730
219.3542	4.730
219.3750	4.700
219.3958	4.700
219.4167	4.700
219.4375	4.680
219.4583	4.680
219.4792	4.660
219.5000	4.650
219.5208	4.630
219.5417	4.620
219.5625	4.620
219.5833	4.650
219.6042	4.660
219.6250	4.660
219.6458	4.670
219.6667	4.670
219.6875	4.680
219.7083	4.690
219.7292	4.720
219.7500	4.740
219.7708	4.750
219.7917	4.760
219.8125	4.790
219.8333	4.810
219.8542	4.810
219.8750	4.810
219.8958	4.800
219.9167	4.800
219.9375	4.790
219.9583	4.810
219.9792	4.790
220.0000	4.790
220.0208	4.780
220.0417	4.740
220.0625	4.740
220.0833	4.730
220.1042	4.730
220.1250	4.720
220.1458	4.720
220.1667	4.700
220.1875	4.690
220.2083	4.700
220.2292	4.670
220.2500	4.680
220.2708	4.700
220.2917	4.700
220.3125	4.700
220.3333	4.720
220.3542	4.710
220.3750	4.730
220.3958	4.730
220.4167	4.720
220.4375	4.730
220.4583	4.720
220.4792	4.710
220.5000	4.690
220.5208	4.700
220.5417	4.660
220.5625	4.660
220.5833	4.640
220.6042	4.630
220.6250	4.630
220.6458	4.620
220.6667	4.620
220.6875	4.610
220.7083	4.610
220.7292	4.570
220.7500	4.570
220.7708	4.570
220.7917	4.550
220.8125	4.550
220.8333	4.550
220.8542	4.540
220.8750	4.540
220.8958	4.530
220.9167	4.510
220.9375	4.510
220.9583	4.500
220.9792	4.500
221.0000	4.480
221.0208	4.490
221.0417	4.490
221.0625	4.490
221.0833	4.430
221.1042	4.420
221.1250	4.420
221.1458	4.420
221.1667	4.420
221.1875	4.400
221.2083	4.380
221.2292	4.380
221.2500	4.360
221.2708	4.340
221.2917	4.330
221.3125	4.310
221.3333	4.290
221.3542	4.300
221.3750	4.290
221.3958	4.270
221.4167	4.270
221.4375	4.240
221.4583	4.250
221.4792	4.250
221.5000	4.240
221.5208	4.230
221.5417	4.230
221.5625	4.220
221.5833	4.190
221.6042	4.200
221.6250	4.220
221.6458	4.230
221.6667	4.230
221.6875	4.240
221.7083	4.250
221.7292	4.240
221.7500	4.230
221.7708	4.240
221.7917	4.220
221.8125	4.220
221.8333	4.220
221.8542	4.220
221.8750	4.230
221.8958	4.230
221.9167	4.270
221.9375	4.240
221.9583	4.250
221.9792	4.280
222.0000	4.260
222.0208	4.270
222.0417	4.260
222.0625	4.260
222.0833	4.260
222.1042	4.240
222.1250	4.240
222.1458	4.220
222.1667	4.220
222.1875	4.230
222.2083	4.210
222.2292	4.200
222.2500	4.180
222.2708	4.180
222.2917	4.180
222.3125	4.150
222.3333	4.160
222.3542	4.140
222.3750	4.120
222.3958	4.130
222.4167	4.120
222.4375	4.120
222.4583	4.120
222.4792	4.110
222.5000	4.120
222.5208	4.110
222.5417	4.110
222.5625	4.120
222.5833	4.120
222.6042	4.120
222.6250	4.110
222.6458	4.090
222.6667	4.090
222.6875	4.100
222.7083	4.080
222.7292	4.090
222.7500	4.070
222.7708	4.070
222.7917	4.060
222.8125	4.050
222.8333	4.050
222.8542	4.030
222.8750	4.030
222.8958	4.070
222.9167	4.060
222.9375	4.030
222.9583	4.010
222.9792	4.020
223.0000	4.030
223.0208	4.030
223.0417	4.010
223.0625	4.030
223.0833	4.020
223.1042	4.020
223.1250	4.020
223.1458	4.020
223.1667	4.010
223.1875	4.010
223.2083	4.010
223.2292	3.990
223.2500	3.970
223.2708	3.960
223.2917	3.950
223.3125	3.900
223.3333	3.890
223.3542	3.870
223.3750	3.840
223.3958	3.820
223.4167	3.790
223.4375	3.740
223.4583	3.710
223.4792	3.710
223.5000	3.670
223.5208	3.640
223.5417	3.650
223.5625	3.620
223.5833	3.600
223.6042	3.600
223.6250	3.600
223.6458	3.590
223.6667	3.600
223.6875	3.620
223.7083	3.620
223.7292	3.640
223.7500	3.650
223.7708	3.650
223.7917	3.680
223.8125	3.690
223.8333	3.700
223.8542	3.700
223.8750	3.730
223.8958	3.720
223.9167	3.700
223.9375	3.720
223.9583	3.690
223.9792	3.700
224.0000	3.700
224.0208	3.660
224.0417	3.660
224.0625	3.620
224.0833	3.640
224.1042	3.580
224.1250	3.590
224.1458	3.570
224.1667	3.560
224.1875	3.530
224.2083	3.550
224.2292	3.530
224.2500	3.510
224.2708	3.510
224.2917	3.530
224.3125	3.540
224.3333	3.540
224.3542	3.570
224.3750	3.590
224.3958	3.600
224.4167	3.610
224.4375	3.670
224.4583	3.700
224.4792	3.720
224.5000	3.750
224.5208	3.780
224.5417	3.770
224.5625	3.810
224.5833	3.830
224.6042	3.880
224.6250	3.840
224.6458	3.850
224.6667	3.860
224.6875	3.860
224.7083	3.850
224.7292	3.830
224.7500	3.820
224.7708	3.800
224.7917	3.790
224.8125	3.770
224.8333	3.760
224.8542	3.730
224.8750	3.720
224.8958	3.730
224.9167	3.710
224.9375	3.660
224.9583	3.640
224.9792	3.630
225.0000	3.610
225.0208	3.640
225.0417	3.580
225.0625	3.610
225.0833	3.530
225.1042	3.570
225.1250	3.560
225.1458	3.590
225.1667	3.590
225.1875	3.660
225.2083	3.700
225.2292	3.680
225.2500	3.750
225.2708	3.760
225.2917	3.790
225.3125	3.800
225.3333	3.780
225.3542	3.790
225.3750	3.800
225.3958	3.770
225.4167	3.740
225.4375	3.670
225.4583	3.640
225.4792	3.610
225.5000	3.550
225.5208	3.550
225.5417	3.480
225.5625	3.430
225.5833	3.400
225.6042	3.390
225.6250	3.340
225.6458	3.340
225.6667	3.310
225.6875	3.290
225.7083	3.290
225.7292	3.300
225.7500	3.290
225.7708	3.340
225.7917	3.330
225.8125	3.370
225.8333	3.420
225.8542	3.420
225.8750	3.460
225.8958	3.530
225.9167	3.540
225.9375	3.570
225.9583	3.600
225.9792	3.600
226.0000	3.600
226.0208	3.610
226.0417	3.590
226.0625	3.570
226.0833	3.550
226.1042	3.530
226.1250	3.500
226.1458	3.460
226.1667	3.410
226.1875	3.400
226.2083	3.360
226.2292	3.340
226.2500	3.310
226.2708	3.280
226.2917	3.250
226.3125	3.240
226.3333	3.250
226.3542	3.220
226.3750	3.240
226.3958	3.230
226.4167	3.200
226.4375	3.220
226.4583	3.250
226.4792	3.270
226.5000	3.300
226.5208	3.360
226.5417	3.370
226.5625	3.390
226.5833	3.450
226.6042	3.490
226.6250	3.550
226.6458	3.600
226.6667	3.640
226.6875	3.630
226.7083	3.660
226.7292	3.660
226.7500	3.670
226.7708	3.680
226.7917	3.700
226.8125	3.670
226.8333	3.710
226.8542	3.650
226.8750	3.630
226.8958	3.660
226.9167	3.660
226.9375	3.650
226.9583	3.590
226.9792	3.630
227.0000	3.620
227.0208	3.590
227.0417	3.600
227.0625	3.590
227.0833	3.540
227.1042	3.610
227.1250	3.650
227.1458	3.660
227.1667	3.650
227.1875	3.660
227.2083	3.680
227.2292	3.700
227.2500	3.700
227.2708	3.700
227.2917	3.730
227.3125	3.710
227.3333	3.740
227.3542	3.710
227.3750	3.710
227.3958	3.720
227.4167	3.710
227.4375	3.710
227.4583	3.690
227.4792	3.680
227.5000	3.680
227.5208	3.680
227.5417	3.680
227.5625	3.690
227.5833	3.670
227.6042	3.630
227.6250	3.650
227.6458	3.660
227.6667	3.630
227.6875	3.580
227.7083	3.600
227.7292	3.620
227.7500	3.600
227.7708	3.600
227.7917	3.610
227.8125	3.590
227.8333	3.600
227.8542	3.690
227.8750	3.650
227.8958	3.630
227.9167	3.660
227.9375	3.680
227.9583	3.660
227.9792	3.680
228.0000	3.680
228.0208	3.700
228.0417	3.630
228.0625	3.680
228.0833	3.680
228.1042	3.670
228.1250	3.650
228.1458	3.660
228.1667	3.670
228.1875	3.540
228.2083	3.620
228.2292	3.580
228.2500	3.580
228.2708	3.570
228.2917	3.570
228.3125	3.540
228.3333	3.540
228.3542	3.570
228.3750	3.620
228.3958	3.590
228.4167	3.600
228.4375	3.610
228.4583	3.610
228.4792	3.660
228.5000	3.640
228.5208	3.670
228.5417	3.650
228.5625	3.650
228.5833	3.670
228.6042	3.650
228.6250	3.630
228.6458	3.630
228.6667	3.670
228.6875	3.650
228.7083	3.640
228.7292	3.630
228.7500	3.620
228.7708	3.610
228.7917	3.620
228.8125	3.610
228.8333	3.620
228.8542	3.620
228.8750	3.630
228.8958	3.630
228.9167	3.620
228.9375	3.630
228.9583	3.630
228.9792	3.600
229.0000	3.560
229.0208	3.510
229.0417	3.500
229.0625	3.490
229.0833	3.480
229.1042	3.490
229.1250	3.510
229.1458	3.490
229.1667	3.510
229.1875	3.530
229.2083	3.550
229.2292	3.530
229.2500	3.540
229.2708	3.530
229.2917	3.510
229.3125	3.690
229.3333	3.520
229.3542	3.500
229.3750	3.510
229.3958	3.480
229.4167	3.480
229.4375	3.450
229.4583	3.450
229.4792	3.420
229.5000	3.440
229.5208	3.420
229.5417	3.410
229.5625	3.420
229.5833	3.400
229.6042	3.390
229.6250	3.400
229.6458	3.430
229.6667	3.480
229.6875	3.460
229.7083	3.520
229.7292	3.510
229.7500	3.510
229.7708	3.500
229.7917	3.480
229.8125	3.480
229.8333	3.460
229.8542	3.470
229.8750	3.470
229.8958	3.460
229.9167	3.460
229.9375	3.430
229.9583	3.430
229.9792	3.410
230.0000	3.430
230.0208	3.420
230.0417	3.400
230.0625	3.400
230.0833	3.400
230.1042	3.410
230.1250	3.530
230.1458	3.440
230.1667	3.450
230.1875	3.440
230.2083	3.440
230.2292	3.450
230.2500	3.460
230.2708	3.460
230.2917	3.450
230.3125	3.440
230.3333	3.430
230.3542	3.430
230.3750	3.420
230.3958	3.430
230.4167	3.450
230.4375	3.430
230.4583	3.420
230.4792	3.420
230.5000	3.420
230.5208	3.420
230.5417	3.420
230.5625	3.420
230.5833	3.390
230.6042	3.380
230.6250	3.370
230.6458	3.370
230.6667	3.370
230.6875	3.380
230.7083	3.380
230.7292	3.340
230.7500	3.330
230.7708	3.300
230.7917	3.330
230.8125	3.320
230.8333	3.330
230.8542	3.330
230.8750	3.310
230.8958	3.320
230.9167	3.320
230.9375	3.320
230.9583	3.300
230.9792	3.290
231.0000	3.290
231.0208	3.280
231.0417	3.290
231.0625	3.290
231.0833	3.300
231.1042	3.330
231.1250	3.340
231.1458	3.320
231.1667	3.290
231.1875	3.290
231.2083	3.300
231.2292	3.280
231.2500	3.290
231.2708	3.270
231.2917	3.270
231.3125	3.210
231.3333	3.230
231.3542	3.240
231.3750	3.220
231.3958	3.240
231.4167	3.240
231.4375	3.190
231.4583	3.180
231.4792	3.200
231.5000	3.190
231.5208	3.190
231.5417	3.180
231.5625	3.160
231.5833	3.160
231.6042	3.180
231.6250	3.180
231.6458	3.170
231.6667	3.170
231.6875	3.190
231.7083	3.190
231.7292	3.190
231.7500	3.170
231.7708	3.170
231.7917	3.180
231.8125	3.170
231.8333	3.190
231.8542	3.190
231.8750	3.170
231.8958	3.170
231.9167	3.160
231.9375	3.160
231.9583	3.150
231.9792	3.150
232.0000	3.160
232.0208	3.140
232.0417	3.130
232.0625	3.130
232.0833	3.120
232.1042	3.120
232.1250	3.120
232.1458	3.120
232.1667	3.130
232.1875	3.120
232.2083	3.120
232.2292	3.090
232.2500	3.070
232.2708	3.070
232.2917	3.070
232.3125	3.050
232.3333	3.040
232.3542	3.020
232.3750	3.020
232.3958	3.020
232.4167	2.990
232.4375	2.990
232.4583	2.960
232.4792	2.960
232.5000	2.950
232.5208	2.950
232.5417	2.910
232.5625	2.870
232.5833	2.890
232.6042	2.880
232.6250	2.860
232.6458	2.840
232.6667	2.820
232.6875	2.820
232.7083	2.800
232.7292	2.790
232.7500	2.810
232.7708	2.780
232.7917	2.760
232.8125	2.750
232.8333	2.740
232.8542	2.720
232.8750	2.700
232.8958	2.710
232.9167	2.690
232.9375	2.670
232.9583	2.650
232.9792	2.640
233.0000	2.630
233.0208	2.620
233.0417	2.620
233.0625	2.600
233.0833	2.590
233.1042	2.580
233.1250	2.590
233.1458	2.570
233.1667	2.600
233.1875	2.590
233.2083	2.580
233.2292	2.590
233.2500	2.600
233.2708	2.610
233.2917	2.580
233.3125	2.610
233.3333	2.610
233.3542	2.580
233.3750	2.620
233.3958	2.590
233.4167	2.580
233.4375	2.600
233.4583	2.580
233.4792	2.580
233.5000	2.570
233.5208	2.560
233.5417	2.540
233.5625	2.540
233.5833	2.540
233.6042	2.540
233.6250	2.530
233.6458	2.530
233.6667	2.490
233.6875	2.490
233.7083	2.500
233.7292	2.500
233.7500	2.490
233.7708	2.480
233.7917	2.460
233.8125	2.460
233.8333	2.450
233.8542	2.450
233.8750	2.410
233.8958	2.400
233.9167	2.410
233.9375	2.410
233.9583	2.390
233.9792	2.380
234.0000	2.360
234.0208	2.350
234.0417	2.350
234.0625	2.340
234.0833	2.310
234.1042	2.350
234.1250	2.350
234.1458	2.330
234.1667	2.310
234.1875	2.320
234.2083	2.330
234.2292	2.330
234.2500	2.310
234.2708	2.320
234.2917	2.330
234.3125	2.310
234.3333	2.310
234.3542	2.310
234.3750	2.300
234.3958	2.290
234.4167	2.300
234.4375	2.300
234.4583	2.280
234.4792	2.270
234.5000	2.270
234.5208	2.260
234.5417	2.250
234.5625	2.250
234.5833	2.260
234.6042	2.240
234.6250	2.260
234.6458	2.260
234.6667	2.240
234.6875	2.250
234.7083	2.270
234.7292	2.260
234.7500	2.210
234.7708	2.710
234.7917	2.280
234.8125	2.270
234.8333	2.270
234.8542	2.190
234.8750	2.260
234.8958	2.250
234.9167	2.250
234.9375	2.240
234.9583	2.250
234.9792	2.240
235.0000	2.230
235.0208	2.210
235.0417	2.190
235.0625	2.190
235.0833	2.180
235.1042	2.180
235.1250	2.250
235.1458	2.190
235.1667	2.170
235.1875	2.140
235.2083	2.130
235.2292	2.120
235.2500	2.130
235.2708	2.110
235.2917	2.030
235.3125	2.090
235.3333	2.100
235.3542	2.090
235.3750	2.060
235.3958	2.040
235.4167	2.050
235.4375	2.020
235.4583	1.980
235.4792	1.990
235.5000	1.910
235.5208	1.960
235.5417	1.980
235.5625	1.960
235.5833	1.930
235.6042	1.920
235.6250	1.920
235.6458	1.910
235.6667	1.920
235.6875	1.960
235.7083	1.940
235.7292	1.930
235.7500	1.910
235.7708	1.900
235.7917	1.930
235.8125	1.920
235.8333	1.890
235.8542	1.930
235.8750	1.920
235.8958	1.930
235.9167	1.940
235.9375	1.950
235.9583	1.920
235.9792	1.880
236.0000	1.870
236.0208	1.890
236.0417	1.890
236.0625	1.870
236.0833	1.850
236.1042	1.860
236.1250	1.850
236.1458	1.840
236.1667	1.860
236.1875	1.850
236.2083	1.860
236.2292	1.860
236.2500	1.840
236.2708	1.810
236.2917	1.840
236.3125	1.790
236.3333	1.790
236.3542	1.790
236.3750	1.750
236.3958	1.800
236.4167	1.800
236.4375	1.800
236.4583	1.810
236.4792	1.840
236.5000	1.850
236.5208	1.840
236.5417	1.850
236.5625	1.880
236.5833	1.860
236.6042	1.870
236.6250	1.910
236.6458	1.910
236.6667	1.930
236.6875	1.920
236.7083	1.900
236.7292	2.010
236.7500	1.910
236.7708	1.880
236.7917	1.870
236.8125	1.830
236.8333	1.820
236.8542	1.840
236.8750	1.810
236.8958	1.820
236.9167	1.830
236.9375	1.810
236.9583	1.810
236.9792	1.820
237.0000	1.800
237.0208	1.750
237.0417	1.750
237.0625	1.750
237.0833	1.720
237.1042	1.760
237.1250	1.730
237.1458	1.690
237.1667	1.710
237.1875	1.710
237.2083	1.680
237.2292	1.660
237.2500	1.660
237.2708	1.640
237.2917	1.680
237.3125	1.670
237.3333	1.630
237.3542	1.630
237.3750	1.650
237.3958	1.630
237.4167	1.640
237.4375	1.630
237.4583	1.580
237.4792	1.540
237.5000	1.590
237.5208	1.560
237.5417	1.560
237.5625	1.580
237.5833	1.550
237.6042	1.580
237.6250	1.560
237.6458	1.580
237.6667	1.580
237.6875	1.570
237.7083	1.530
237.7292	1.540
237.7500	1.510
237.7708	1.520
237.7917	1.510
237.8125	1.500
237.8333	1.490
237.8542	1.460
237.8750	1.470
237.8958	1.470
237.9167	1.450
237.9375	1.450
237.9583	1.470
237.9792	1.450
238.0000	1.490
238.0208	1.490
238.0417	1.510
238.0625	1.530
238.0833	1.550
238.1042	1.550
238.1250	1.580
238.1458	1.600
238.1667	1.610
238.1875	1.600
238.2083	1.600
238.2292	1.560
238.2500	1.590
238.2708	1.590
238.2917	1.600
238.3125	1.600
238.3333	1.570
238.3542	1.630
238.3750	1.550
238.3958	1.550
238.4167	1.530
238.4375	1.450
238.4583	1.480
238.4792	1.520
238.5000	1.520
238.5208	1.460
238.5417	1.470
238.5625	1.400
238.5833	1.420
238.6042	1.440
238.6250	1.410
238.6458	1.470
238.6667	1.270
238.6875	1.410
238.7083	1.430
238.7292	1.480
238.7500	1.480
238.7708	1.380
238.7917	1.440
238.8125	1.500
238.8333	1.530
238.8542	1.470
238.8750	1.520
238.8958	1.430
238.9167	1.520
238.9375	1.550
238.9583	1.360
238.9792	1.470
239.0000	1.550
239.0208	1.410
239.0417	1.480
239.0625	1.480
239.0833	1.360
239.1042	1.500
239.1250	1.420
239.1458	1.390
239.1667	1.370
239.1875	1.330
239.2083	nan
239.2292	nan
239.2500	nan
239.2708	nan
239.2917	nan
239.3125	nan
239.3333	nan
239.3542	nan
239.3750	nan
239.3958	nan
239.4167	nan
239.4375	nan
239.4583	nan
239.4792	nan
239.5000	nan
239.5208	nan
239.5417	nan
239.5625	nan
239.5833	nan
239.6042	nan
239.6250	nan
239.6458	nan
239.6667	nan
239.6875	nan
239.7083	nan
239.7292	nan
239.7500	nan
239.7708	nan
239.7917	nan
239.8125	nan
239.8333	nan
239.8542	nan
239.8750	nan
239.8958	nan
239.9167	nan
239.9375	nan
239.9583	nan
239.9792	nan
240.0000	nan
240.0208	nan
240.0417	nan
240.0625	nan
240.0833	nan
240.1042	nan
240.1250	nan
240.1458	nan
240.1667	nan
240.1875	nan
240.2083	nan
240.2292	nan
240.2500	nan
240.2708	nan
240.2917	nan
240.3125	nan
240.3333	nan
240.3542	nan
240.3750	nan
240.3958	nan
240.4167	nan
240.4375	nan
240.4583	nan
240.4792	nan
240.5000	nan
240.5208	nan
240.5417	nan
240.5625	nan
240.5833	nan
240.6042	nan
240.6250	nan
240.6458	nan
240.6667	nan
240.6875	nan
240.7083	nan
240.7292	nan
240.7500	nan
240.7708	nan
240.7917	nan
240.8125	nan
240.8333	nan
240.8542	nan
240.8750	nan
240.8958	nan
240.9167	nan
240.9375	nan
240.9583	nan
240.9792	nan
241.0000	nan
241.0208	nan
241.0417	nan
241.0625	nan
241.0833	nan
241.1042	nan
241.1250	nan
241.1458	nan
241.1667	nan
241.1875	nan
241.2083	nan
241.2292	nan
241.2500	nan
241.2708	nan
241.2917	nan
241.3125	nan
241.3333	nan
241.3542	nan
241.3750	nan
241.3958	nan
241.4167	nan
241.4375	nan
241.4583	nan
241.4792	nan
241.5000	nan
241.5208	nan
241.5417	nan
241.5625	nan
241.5833	nan
241.6042	nan
241.6250	nan
241.6458	nan
241.6667	nan
241.6875	nan
241.7083	nan
241.7292	nan
241.7500	nan
241.7708	nan
241.7917	nan
241.8125	nan
241.8333	nan
241.8542	nan
241.8750	nan
241.8958	nan
241.9167	nan
241.9375	nan
241.9583	nan
241.9792	nan
242.0000	nan
242.0208	nan
242.0417	nan
242.0625	nan
242.0833	nan
242.1042	nan
242.1250	nan
242.1458	nan
242.1667	nan
242.1875	nan
242.2083	nan
242.2292	nan
242.2500	nan
242.2708	nan
242.2917	nan
242.3125	nan
242.3333	nan
242.3542	nan
242.3750	nan
242.3958	nan
242.4167	nan
242.4375	nan
242.4583	nan
242.4792	nan
242.5000	nan
242.5208	nan
242.5417	nan
242.5625	nan
242.5833	nan
242.6042	nan
242.6250	nan
242.6458	nan
242.6667	nan
242.6875	nan
242.7083	nan
242.7292	nan
242.7500	nan
242.7708	nan
242.7917	nan
242.8125	nan
242.8333	nan
242.8542	nan
242.8750	nan
242.8958	nan
242.9167	nan
242.9375	nan
242.9583	nan
242.9792	nan
243.0000	nan
243.0208	nan
243.0417	nan
243.0625	nan
243.0833	nan
243.1042	nan
243.1250	nan
243.1458	nan
243.1667	nan
243.1875	nan
243.2083	nan
243.2292	nan
243.2500	nan
243.2708	nan
243.2917	nan
243.3125	nan
243.3333	nan
243.3542	nan
243.3750	nan
243.3958	nan
243.4167	nan
243.4375	nan
243.4583	nan
243.4792	nan
243.5000	nan
243.5208	nan
243.5417	nan
243.5625	nan
243.5833	nan
243.6042	nan
243.6250	nan
243.6458	nan
243.6667	nan
243.6875	nan
243.7083	nan
243.7292	nan
243.7500	nan
243.7708	nan
243.7917	nan
243.8125	nan
243.8333	nan
243.8542	nan
243.8750	nan
243.8958	nan
243.9167	nan
243.9375	nan
243.9583	nan
243.9792	nan
244.0000	nan
244.0208	nan
244.0417	nan
244.0625	nan
244.0833	nan
244.1042	nan
244.1250	nan
244.1458	nan
244.1667	nan
244.1875	nan
244.2083	nan
244.2292	nan
244.2500	nan
244.2708	nan
244.2917	nan
244.3125	nan
244.3333	nan
244.3542	nan
244.3750	nan
244.3958	nan
244.4167	nan
244.4375	nan
244.4583	nan
244.4792	nan
244.5000	nan
244.5208	nan
244.5417	nan
244.5625	nan
244.5833	nan
244.6042	nan
244.6250	nan
244.6458	nan
244.6667	nan
244.6875	nan
244.7083	nan
244.7292	nan
244.7500	nan
244.7708	nan
244.7917	nan
244.8125	nan
244.8333	nan
244.8542	nan
244.8750	nan
244.8958	nan
244.9167	nan
244.9375	nan
244.9583	nan
244.9792	nan
245.0000	nan
245.0208	nan
245.0417	nan
245.0625	nan
245.0833	nan
245.1042	nan
245.1250	nan
245.1458	nan
245.1667	nan
245.1875	nan
245.2083	nan
245.2292	nan
245.2500	nan
245.2708	nan
245.2917	nan
245.3125	nan
245.3333	nan
245.3542	nan
245.3750	nan
245.3958	nan
245.4167	nan
245.4375	nan
245.4583	nan
245.4792	nan
245.5000	nan
245.5208	nan
245.5417	nan
245.5625	nan
245.5833	nan
245.6042	nan
245.6250	nan
245.6458	nan
245.6667	nan
245.6875	nan
245.7083	nan
245.7292	nan
245.7500	nan
245.7708	nan
245.7917	nan
245.8125	nan
245.8333	nan
245.8542	nan
245.8750	nan
245.8958	nan
245.9167	nan
245.9375	nan
245.9583	nan
245.9792	nan
246.0000	nan
246.0208	nan
246.0417	nan
246.0625	nan
246.0833	nan
246.1042	nan
246.1250	nan
246.1458	nan
246.1667	nan
246.1875	nan
246.2083	nan
246.2292	nan
246.2500	nan
246.2708	nan
246.2917	nan
246.3125	nan
246.3333	nan
246.3542	nan
246.3750	nan
246.3958	nan
246.4167	nan
246.4375	nan
246.4583	nan
246.4792	nan
246.5000	nan
246.5208	nan
246.5417	nan
246.5625	nan
246.5833	nan
246.6042	nan
246.6250	nan
246.6458	nan
246.6667	nan
246.6875	nan
246.7083	nan
246.7292	nan
246.7500	nan
246.7708	nan
246.7917	nan
246.8125	nan
246.8333	nan
246.8542	nan
246.8750	nan
246.8958	nan
246.9167	nan
246.9375	nan
246.9583	nan
246.9792	nan
247.0000	nan
247.0208	nan
247.0417	nan
247.0625	nan
247.0833	nan
247.1042	nan
247.1250	nan
247.1458	nan
247.1667	nan
247.1875	nan
247.2083	nan
247.2292	nan
247.2500	nan
247.2708	nan
247.2917	nan
247.3125	nan
247.3333	nan
247.3542	nan
247.3750	nan
247.3958	nan
247.4167	nan
247.4375	nan
247.4583	nan
247.4792	nan
247.5000	nan
247.5208	nan
247.5417	nan
247.5625	nan
247.5833	nan
247.6042	nan
247.6250	nan
247.6458	nan
247.6667	nan
247.6875	nan
247.7083	nan
247.7292	nan
247.7500	nan
247.7708	nan
247.7917	nan
247.8125	nan
247.8333	nan
247.8542	nan
247.8750	nan
247.8958	nan
247.9167	nan
247.9375	nan
247.9583	nan
247.9792	nan
248.0000	nan
248.0208	nan
248.0417	nan
248.0625	nan
248.0833	nan
248.1042	nan
248.1250	nan
248.1458	nan
248.1667	nan
248.1875	nan
248.2083	nan
248.2292	nan
248.2500	nan
248.2708	nan
248.2917	nan
248.3125	nan
248.3333	nan
248.3542	nan
248.3750	nan
248.3958	nan
248.4167	nan
248.4375	nan
248.4583	nan
248.4792	nan
248.5000	nan
248.5208	nan
248.5417	nan
248.5625	nan
248.5833	nan
248.6042	nan
248.6250	nan
248.6458	nan
248.6667	nan
248.6875	nan
248.7083	nan
248.7292	nan
248.7500	nan
248.7708	nan
248.7917	nan
248.8125	nan
248.8333	nan
248.8542	nan
248.8750	nan
248.8958	nan
248.9167	nan
248.9375	nan
248.9583	nan
248.9792	nan
249.0000	nan
249.0208	nan
249.0417	nan
249.0625	nan
249.0833	nan
249.1042	nan
249.1250	nan
249.1458	nan
249.1667	nan
249.1875	nan
249.2083	nan
249.2292	nan
249.2500	nan
249.2708	nan
249.2917	nan
249.3125	nan
249.3333	nan
249.3542	nan
249.3750	nan
249.3958	nan
249.4167	nan
249.4375	nan
249.4583	nan
249.4792	nan
249.5000	nan
249.5208	nan
249.5417	nan
249.5625	nan
249.5833	nan
249.6042	nan
249.6250	nan
249.6458	nan
249.6667	nan
249.6875	nan
249.7083	nan
249.7292	nan
249.7500	nan
249.7708	nan
249.7917	nan
249.8125	nan
249.8333	nan
249.8542	nan
249.8750	nan
249.8958	nan
249.9167	nan
249.9375	nan
249.9583	nan
249.9792	nan
250.0000	nan
250.0208	nan
250.0417	nan
250.0625	nan
250.0833	nan
250.1042	nan
250.1250	nan
250.1458	nan
250.1667	nan
250.1875	nan
250.2083	nan
250.2292	nan
250.2500	nan
250.2708	nan
250.2917	nan
250.3125	nan
250.3333	nan
250.3542	nan
250.3750	nan
250.3958	nan
250.4167	nan
250.4375	nan
250.4583	nan
250.4792	nan
250.5000	nan
250.5208	nan
250.5417	nan
250.5625	nan
250.5833	nan
250.6042	nan
250.6250	nan
250.6458	nan
250.6667	nan
250.6875	nan
250.7083	nan
250.7292	nan
250.7500	nan
250.7708	nan
250.7917	nan
250.8125	nan
250.8333	nan
250.8542	nan
250.8750	nan
250.8958	nan
250.9167	nan
250.9375	nan
250.9583	nan
250.9792	nan
251.0000	nan
251.0208	nan
251.0417	nan
251.0625	nan
251.0833	nan
251.1042	nan
251.1250	nan
251.1458	nan
251.1667	nan
251.1875	nan
251.2083	nan
251.2292	nan
251.2500	nan
251.2708	nan
251.2917	nan
251.3125	nan
251.3333	nan
251.3542	nan
251.3750	nan
251.3958	nan
251.4167	nan
251.4375	nan
251.4583	nan
251.4792	nan
251.5000	nan
251.5208	nan
251.5417	nan
251.5625	nan
251.5833	nan
251.6042	nan
251.6250	nan
251.6458	nan
251.6667	nan
251.6875	nan
251.7083	nan
251.7292	nan
251.7500	nan
251.7708	nan
251.7917	nan
251.8125	nan
251.8333	nan
251.8542	nan
251.8750	nan
251.8958	nan
251.9167	nan
251.9375	nan
251.9583	nan
251.9792	nan
252.0000	nan
252.0208	nan
252.0417	nan
252.0625	nan
252.0833	nan
252.1042	nan
252.1250	nan
252.1458	nan
252.1667	nan
252.1875	nan
252.2083	nan
252.2292	nan
252.2500	nan
252.2708	nan
252.2917	nan
252.3125	nan
252.3333	nan
252.3542	nan
252.3750	nan
252.3958	nan
252.4167	nan
252.4375	nan
252.4583	nan
252.4792	nan
252.5000	nan
252.5208	nan
252.5417	nan
252.5625	nan
252.5833	nan
252.6042	nan
252.6250	nan
252.6458	nan
252.6667	nan
252.6875	nan
252.7083	nan
252.7292	nan
252.7500	nan
252.7708	nan
252.7917	nan
252.8125	nan
252.8333	nan
252.8542	nan
252.8750	nan
252.8958	nan
252.9167	nan
252.9375	nan
252.9583	nan
252.9792	nan
253.0000	nan
253.0208	nan
253.0417	nan
253.0625	nan
253.0833	nan
253.1042	nan
253.1250	nan
253.1458	nan
253.1667	nan
253.1875	nan
253.2083	nan
253.2292	nan
253.2500	nan
253.2708	nan
253.2917	nan
253.3125	nan
253.3333	nan
253.3542	nan
253.3750	nan
253.3958	nan
253.4167	nan
253.4375	nan
253.4583	nan
253.4792	nan
253.5000	nan
253.5208	nan
253.5417	nan
253.5625	nan
253.5833	nan
253.6042	nan
253.6250	nan
253.6458	nan
253.6667	nan
253.6875	nan
253.7083	nan
253.7292	nan
253.7500	nan
253.7708	nan
253.7917	nan
253.8125	nan
253.8333	nan
253.8542	nan
253.8750	nan
253.8958	nan
253.9167	nan
253.9375	nan
253.9583	nan
253.9792	nan
254.0000	nan
254.0208	nan
254.0417	nan
254.0625	nan
254.0833	nan
254.1042	nan
254.1250	nan
254.1458	nan
254.1667	nan
254.1875	nan
254.2083	nan
254.2292	nan
254.2500	nan
254.2708	nan
254.2917	nan
254.3125	nan
254.3333	nan
254.3542	nan
254.3750	nan
254.3958	nan
254.4167	nan
254.4375	nan
254.4583	nan
254.4792	nan
254.5000	nan
254.5208	nan
254.5417	nan
254.5625	nan
254.5833	nan
254.6042	nan
254.6250	nan
254.6458	nan
254.6667	nan
254.6875	nan
254.7083	nan
254.7292	nan
254.7500	nan
254.7708	nan
254.7917	nan
254.8125	nan
254.8333	nan
254.8542	nan
254.8750	nan
254.8958	nan
254.9167	nan
254.9375	nan
254.9583	nan
254.9792	nan
255.0000	nan
255.0208	nan
255.0417	nan
255.0625	nan
255.0833	nan
255.1042	nan
255.1250	nan
255.1458	nan
255.1667	nan
255.1875	nan
255.2083	nan
255.2292	nan
255.2500	nan
255.2708	nan
255.2917	nan
255.3125	nan
255.3333	nan
255.3542	nan
255.3750	nan
255.3958	nan
255.4167	nan
255.4375	nan
255.4583	nan
255.4792	nan
255.5000	nan
255.5208	nan
255.5417	nan
255.5625	nan
255.5833	nan
255.6042	nan
255.6250	nan
255.6458	nan
255.6667	nan
255.6875	nan
255.7083	nan
255.7292	nan
255.7500	nan
255.7708	nan
255.7917	nan
255.8125	nan
255.8333	nan
255.8542	nan
255.8750	nan
255.8958	nan
255.9167	nan
255.9375	nan
255.9583	nan
255.9792	nan
256.0000	nan
256.0208	nan
256.0417	nan
256.0625	nan
256.0833	nan
256.1042	nan
256.1250	nan
256.1458	nan
256.1667	nan
256.1875	nan
256.2083	nan
256.2292	nan
256.2500	nan
256.2708	nan
256.2917	nan
256.3125	nan
256.3333	nan
256.3542	nan
256.3750	nan
256.3958	nan
256.4167	nan
256.4375	nan
256.4583	nan
256.4792	nan
256.5000	nan
256.5208	nan
256.5417	nan
256.5625	nan
256.5833	nan
256.6042	nan
256.6250	nan
256.6458	nan
256.6667	nan
256.6875	nan
256.7083	nan
256.7292	nan
256.7500	nan
256.7708	nan
256.7917	nan
256.8125	nan
256.8333	nan
256.8542	nan
256.8750	nan
256.8958	nan
256.9167	nan
256.9375	nan
256.9583	nan
256.9792	nan
257.0000	nan
257.0208	nan
257.0417	nan
257.0625	nan
257.0833	nan
257.1042	nan
257.1250	nan
257.1458	nan
257.1667	nan
257.1875	nan
257.2083	nan
257.2292	nan
257.2500	nan
257.2708	nan
257.2917	nan
257.3125	nan
257.3333	nan
257.3542	nan
257.3750	nan
257.3958	nan
257.4167	nan
257.4375	nan
257.4583	nan
257.4792	nan
257.5000	nan
257.5208	nan
257.5417	nan
257.5625	nan
257.5833	nan
257.6042	nan
257.6250	nan
257.6458	nan
257.6667	nan
257.6875	nan
257.7083	nan
257.7292	nan
257.7500	nan
257.7708	nan
257.7917	nan
257.8125	nan
257.8333	nan
257.8542	nan
257.8750	nan
257.8958	nan
257.9167	nan
257.9375	nan
257.9583	nan
257.9792	nan
258.0000	nan
258.0208	nan
258.0417	nan
258.0625	nan
258.0833	nan
258.1042	nan
258.1250	nan
258.1458	nan
258.1667	nan
258.1875	nan
258.2083	nan
258.2292	nan
258.2500	nan
258.2708	nan
258.2917	nan
258.3125	nan
258.3333	nan
258.3542	nan
258.3750	nan
258.3958	nan
258.4167	nan
258.4375	nan
258.4583	nan
258.4792	nan
258.5000	nan
258.5208	nan
258.5417	nan
258.5625	nan
258.5833	nan
258.6042	nan
258.6250	nan
258.6458	nan
258.6667	nan
258.6875	nan
258.7083	nan
258.7292	nan
258.7500	nan
258.7708	nan
258.7917	nan
258.8125	nan
258.8333	nan
258.8542	nan
258.8750	nan
258.8958	nan
258.9167	nan
258.9375	nan
258.9583	nan
258.9792	nan
259.0000	nan
259.0208	nan
259.0417	nan
259.0625	nan
259.0833	nan
259.1042	nan
259.1250	nan
259.1458	nan
259.1667	nan
259.1875	nan
259.2083	nan
259.2292	nan
259.2500	nan
259.2708	nan
259.2917	nan
259.3125	nan
259.3333	nan
259.3542	nan
259.3750	nan
259.3958	nan
259.4167	nan
259.4375	nan
259.4583	nan
259.4792	nan
259.5000	nan
259.5208	nan
259.5417	nan
259.5625	nan
259.5833	nan
259.6042	nan
259.6250	nan
259.6458	nan
259.6667	nan
259.6875	nan
259.7083	nan
259.7292	nan
259.7500	nan
259.7708	nan
259.7917	nan
259.8125	nan
259.8333	nan
259.8542	nan
259.8750	nan
259.8958	nan
259.9167	nan
259.9375	nan
259.9583	nan
259.9792	nan
260.0000	nan
260.0208	nan
260.0417	nan
260.0625	nan
260.0833	nan
260.1042	nan
260.1250	nan
260.1458	nan
260.1667	nan
260.1875	nan
260.2083	nan
260.2292	nan
260.2500	nan
260.2708	nan
260.2917	nan
260.3125	nan
260.3333	nan
260.3542	nan
260.3750	nan
260.3958	nan
260.4167	nan
260.4375	nan
260.4583	nan
260.4792	nan
260.5000	nan
260.5208	nan
260.5417	nan
260.5625	nan
260.5833	nan
260.6042	nan
260.6250	nan
260.6458	nan
260.6667	nan
260.6875	nan
260.7083	nan
260.7292	nan
260.7500	nan
260.7708	nan
260.7917	nan
260.8125	nan
260.8333	nan
260.8542	nan
260.8750	nan
260.8958	nan
260.9167	nan
260.9375	nan
260.9583	nan
260.9792	nan
261.0000	nan
261.0208	nan
261.0417	nan
261.0625	nan
261.0833	nan
261.1042	nan
261.1250	nan
261.1458	nan
261.1667	nan
261.1875	nan
261.2083	nan
261.2292	nan
261.2500	nan
261.2708	nan
261.2917	nan
261.3125	nan
261.3333	nan
261.3542	nan
261.3750	nan
261.3958	nan
261.4167	nan
261.4375	nan
261.4583	nan
261.4792	nan
261.5000	nan
261.5208	nan
261.5417	nan
261.5625	nan
261.5833	nan
261.6042	nan
261.6250	nan
261.6458	nan
261.6667	nan
261.6875	nan
261.7083	nan
261.7292	nan
261.7500	nan
261.7708	nan
261.7917	nan
261.8125	nan
261.8333	nan
261.8542	nan
261.8750	nan
261.8958	nan
261.9167	nan
261.9375	nan
261.9583	nan
261.9792	nan
262.0000	nan
262.0208	nan
262.0417	nan
262.0625	nan
262.0833	nan
262.1042	nan
262.1250	nan
262.1458	nan
262.1667	nan
262.1875	nan
262.2083	nan
262.2292	nan
262.2500	nan
262.2708	nan
262.2917	nan
262.3125	nan
262.3333	nan
262.3542	nan
262.3750	nan
262.3958	nan
262.4167	nan
262.4375	nan
262.4583	nan
262.4792	nan
262.5000	nan
262.5208	nan
262.5417	nan
262.5625	nan
262.5833	nan
262.6042	nan
262.6250	nan
262.6458	nan
262.6667	nan
262.6875	nan
262.7083	nan
262.7292	nan
262.7500	nan
262.7708	nan
262.7917	nan
262.8125	nan
262.8333	nan
262.8542	nan
262.8750	nan
262.8958	nan
262.9167	nan
262.9375	nan
262.9583	nan
262.9792	nan
263.0000	nan
263.0208	nan
263.0417	nan
263.0625	nan
263.0833	nan
263.1042	nan
263.1250	nan
263.1458	nan
263.1667	nan
263.1875	nan
263.2083	nan
263.2292	nan
263.2500	nan
263.2708	nan
263.2917	nan
263.3125	nan
263.3333	nan
263.3542	nan
263.3750	nan
263.3958	nan
263.4167	nan
263.4375	nan
263.4583	nan
263.4792	nan
263.5000	nan
263.5208	nan
263.5417	nan
263.5625	nan
263.5833	nan
263.6042	nan
263.6250	nan
263.6458	nan
263.6667	nan
263.6875	nan
263.7083	nan
263.7292	nan
263.7500	nan
263.7708	nan
263.7917	nan
263.8125	nan
263.8333	nan
263.8542	nan
263.8750	nan
263.8958	nan
263.9167	nan
263.9375	nan
263.9583	nan
263.9792	nan
264.0000	nan
264.0208	nan
264.0417	nan
264.0625	nan
264.0833	nan
264.1042	nan
264.1250	nan
264.1458	nan
264.1667	nan
264.1875	nan
264.2083	nan
264.2292	nan
264.2500	nan
264.2708	nan
264.2917	nan
264.3125	nan
264.3333	nan
264.3542	nan
264.3750	nan
264.3958	nan
264.4167	nan
264.4375	nan
264.4583	nan
264.4792	nan
264.5000	nan
264.5208	nan
264.5417	nan
264.5625	nan
264.5833	nan
264.6042	nan
264.6250	nan
264.6458	nan
264.6667	nan
264.6875	nan
264.7083	nan
264.7292	nan
264.7500	nan
264.7708	nan
264.7917	nan
264.8125	nan
264.8333	nan
264.8542	nan
264.8750	nan
264.8958	nan
264.9167	nan
264.9375	nan
264.9583	nan
264.9792	nan
265.0000	nan
265.0208	nan
265.0417	nan
265.0625	nan
265.0833	nan
265.1042	nan
265.1250	nan
265.1458	nan
265.1667	nan
265.1875	nan
265.2083	nan
265.2292	nan
265.2500	nan
265.2708	nan
265.2917	nan
265.3125	nan
265.3333	nan
265.3542	nan
265.3750	nan
265.3958	nan
265.4167	nan
265.4375	nan
265.4583	nan
265.4792	nan
265.5000	nan
265.5208	nan
265.5417	nan
265.5625	nan
265.5833	nan
265.6042	nan
265.6250	nan
265.6458	nan
265.6667	nan
265.6875	nan
265.7083	nan
265.7292	nan
265.7500	nan
265.7708	nan
265.7917	nan
265.8125	nan
265.8333	nan
265.8542	nan
265.8750	nan
265.8958	nan
265.9167	nan
265.9375	nan
265.9583	nan
265.9792	nan
266.0000	nan
266.0208	nan
266.0417	nan
266.0625	nan
266.0833	nan
266.1042	nan
266.1250	nan
266.1458	nan
266.1667	nan
266.1875	nan
266.2083	nan
266.2292	nan
266.2500	nan
266.2708	nan
266.2917	nan
266.3125	nan
266.3333	nan
266.3542	nan
266.3750	nan
266.3958	nan
266.4167	nan
266.4375	nan
266.4583	nan
266.4792	nan
266.5000	nan
266.5208	nan
266.5417	nan
266.5625	nan
266.5833	nan
266.6042	nan
266.6250	nan
266.6458	nan
266.6667	nan
266.6875	nan
266.7083	nan
266.7292	nan
266.7500	nan
266.7708	nan
266.7917	nan
266.8125	nan
266.8333	nan
266.8542	nan
266.8750	nan
266.8958	nan
266.9167	nan
266.9375	nan
266.9583	nan
266.9792	nan
267.0000	nan
267.0208	nan
267.0417	nan
267.0625	nan
267.0833	nan
267.1042	nan
267.1250	nan
267.1458	nan
267.1667	nan
267.1875	nan
267.2083	nan
267.2292	nan
267.2500	nan
267.2708	nan
267.2917	nan
267.3125	nan
267.3333	nan
267.3542	nan
267.3750	nan
267.3958	nan
267.4167	nan
267.4375	nan
267.4583	nan
267.4792	nan
267.5000	nan
267.5208	nan
267.5417	nan
267.5625	nan
267.5833	nan
267.6042	nan
267.6250	nan
267.6458	nan
267.6667	nan
267.6875	nan
267.7083	nan
267.7292	nan
267.7500	nan
267.7708	nan
267.7917	nan
267.8125	nan
267.8333	nan
267.8542	nan
267.8750	nan
267.8958	nan
267.9167	nan
267.9375	nan
267.9583	nan
267.9792	nan
268.0000	nan
268.0208	nan
268.0417	nan
268.0625	nan
268.0833	nan
268.1042	nan
268.1250	nan
268.1458	nan
268.1667	nan
268.1875	nan
268.2083	nan
268.2292	nan
268.2500	nan
268.2708	nan
268.2917	nan
268.3125	nan
268.3333	nan
268.3542	nan
268.3750	nan
268.3958	nan
268.4167	nan
268.4375	nan
268.4583	nan
268.4792	nan
268.5000	nan
268.5208	1.030
268.5417	0.290
268.5625	0.060
268.5833	0.000
268.6042	0.000
268.6250	0.000
268.6458	0.000
268.6667	0.000
268.6875	0.000
268.7083	0.000
268.7292	0.000
268.7500	0.000
268.7708	0.000
268.7917	0.000
268.8125	0.000
268.8333	0.000
268.8542	0.000
268.8750	0.000
268.8958	0.000
268.9167	0.000
268.9375	0.000
268.9583	0.000
268.9792	0.000
269.0000	0.000
269.0208	0.000
269.0417	0.000
269.0625	0.000
269.0833	0.000
269.1042	0.000
269.1250	0.000
269.1458	0.000
269.1667	0.000
269.1875	0.000
269.2083	0.000
269.2292	0.000
269.2500	0.000
269.2708	0.000
269.2917	0.000
269.3125	0.000
269.3333	0.000
269.3542	0.000
269.3750	0.000
269.3958	0.000
269.4167	0.000
269.4375	0.000
269.4583	0.000
269.4792	0.000
269.5000	0.000
269.5208	0.000
269.5417	0.000
269.5625	0.000
269.5833	0.000
269.6042	0.000
269.6250	0.000
269.6458	0.000
269.6667	0.000
269.6875	0.000
269.7083	0.000
269.7292	0.000
269.7500	0.000
269.7708	0.000
269.7917	0.000
269.8125	0.000
269.8333	0.000
269.8542	0.000
269.8750	0.000
269.8958	0.000
269.9167	0.000
269.9375	0.000
269.9583	0.000
269.9792	0.000
270.0000	0.000
270.0208	0.000
270.0417	0.000
270.0625	0.000
270.0833	0.000
270.1042	0.000
270.1250	0.000
270.1458	0.000
270.1667	0.000
270.1875	0.000
270.2083	0.000
270.2292	0.000
270.2500	0.000
270.2708	0.000
270.2917	0.000
270.3125	0.000
270.3333	0.000
270.3542	0.000
270.3750	0.000
270.3958	0.000
270.4167	0.000
270.4375	0.000
270.4583	0.000
270.4792	0.000
270.5000	0.000
270.5208	0.000
270.5417	0.000
270.5625	0.000
270.5833	0.000
270.6042	0.000
270.6250	0.000
270.6458	0.000
270.6667	0.000
270.6875	0.000
270.7083	0.000
270.7292	0.000
270.7500	0.000
270.7708	0.000
270.7917	0.000
270.8125	0.000
270.8333	0.000
270.8542	0.000
270.8750	0.000
270.8958	0.000
270.9167	0.000
270.9375	0.000
270.9583	0.000
270.9792	0.000
271.0000	0.000
271.0208	0.000
271.0417	0.000
271.0625	0.000
271.0833	0.000
271.1042	0.000
271.1250	0.000
271.1458	0.000
271.1667	0.000
271.1875	0.000
271.2083	0.000
271.2292	0.000
271.2500	0.000
271.2708	0.000
271.2917	0.000
271.3125	0.000
271.3333	0.000
271.3542	0.000
271.3750	0.000
271.3958	0.000
271.4167	0.000
271.4375	0.000
271.4583	0.000
271.4792	0.000
271.5000	0.000
271.5208	0.000
271.5417	0.000
271.5625	0.000
271.5833	0.000
271.6042	0.000
271.6250	0.000
271.6458	0.000
271.6667	0.000
271.6875	0.000
271.7083	0.000
271.7292	0.000
271.7500	0.000
271.7708	0.000
271.7917	0.000
271.8125	0.000
271.8333	0.000
271.8542	0.000
271.8750	0.000
271.8958	0.000
271.9167	0.000
271.9375	0.000
271.9583	0.000
271.9792	0.000
272.0000	0.000
272.0208	0.000
272.0417	0.000
272.0625	0.000
272.0833	0.000
272.1042	0.000
272.1250	0.000
272.1458	0.000
272.1667	0.000
272.1875	0.000
272.2083	0.000
272.2292	0.000
272.2500	0.000
272.2708	0.000
272.2917	0.000
272.3125	0.000
272.3333	0.000
272.3542	0.000
272.3750	0.000
272.3958	0.000
272.4167	0.000
272.4375	0.000
272.4583	0.000
272.4792	0.000
272.5000	0.000
272.5208	0.000
272.5417	0.000
272.5625	0.000
272.5833	0.000
272.6042	0.000
272.6250	0.000
272.6458	0.000
272.6667	0.000
272.6875	0.000
272.7083	0.000
272.7292	0.000
272.7500	0.000
272.7708	0.000
272.7917	0.000
272.8125	0.000
272.8333	0.000
272.8542	0.000
272.8750	0.000
272.8958	0.000
272.9167	0.000
272.9375	0.000
272.9583	0.000
272.9792	0.000
273.0000	0.000
273.0208	0.000
273.0417	0.000
273.0625	0.000
273.0833	0.000
273.1042	0.000
273.1250	0.000
273.1458	0.000
273.1667	0.000
273.1875	0.000
273.2083	0.000
273.2292	0.000
273.2500	0.000
273.2708	0.000
273.2917	0.000
273.3125	0.000
273.3333	0.000
273.3542	0.000
273.3750	0.000
273.3958	0.000
273.4167	0.000
273.4375	0.000
273.4583	0.000
273.4792	0.000
273.5000	0.000
273.5208	0.000
273.5417	0.000
273.5625	0.000
273.5833	0.000
273.6042	0.000
273.6250	0.000
273.6458	0.000
273.6667	0.000
273.6875	0.000
273.7083	0.000
273.7292	0.000
273.7500	0.000
273.7708	0.000
273.7917	0.000
273.8125	0.000
273.8333	0.000
273.8542	0.000
273.8750	0.000
273.8958	0.000
273.9167	0.000
273.9375	0.000
273.9583	0.000
273.9792	0.000
274.0000	0.000
274.0208	0.000
274.0417	0.000
274.0625	0.000
274.0833	0.000
274.1042	0.000
274.1250	0.000
274.1458	0.000
274.1667	0.000
274.1875	0.000
274.2083	0.000
274.2292	0.000
274.2500	0.000
274.2708	0.000
274.2917	0.000
274.3125	0.000
274.3333	0.000
274.3542	0.000
274.3750	0.000
274.3958	0.000
274.4167	0.000
274.4375	0.000
274.4583	0.000
274.4792	0.000
274.5000	0.000
274.5208	0.000
274.5417	0.000
274.5625	0.000
274.5833	0.000
274.6042	0.000
274.6250	0.000
274.6458	0.000
274.6667	0.000
274.6875	0.000
274.7083	0.000
274.7292	0.000
274.7500	0.000
274.7708	0.000
274.7917	0.000
274.8125	0.000
274.8333	0.000
274.8542	0.000
274.8750	0.000
274.8958	0.000
274.9167	0.000
274.9375	0.000
274.9583	0.000
274.9792	0.000
275.0000	0.000
275.0208	0.000
275.0417	0.000
275.0625	0.000
275.0833	0.000
275.1042	0.000
275.1250	0.000
275.1458	0.000
275.1667	0.000
275.1875	0.000
275.2083	0.000
275.2292	0.000
275.2500	0.000
275.2708	0.000
275.2917	0.000
275.3125	0.000
275.3333	0.000
275.3542	0.000
275.3750	0.000
275.3958	0.000
275.4167	0.000
275.4375	0.000
275.4583	0.000
275.4792	0.000
275.5000	0.000
275.5208	0.000
275.5417	0.000
275.5625	0.000
275.5833	0.000
275.6042	0.000
275.6250	0.000
275.6458	0.000
275.6667	0.000
275.6875	0.000
275.7083	0.000
275.7292	0.000
275.7500	0.000
275.7708	0.000
275.7917	0.000
275.8125	0.000
275.8333	0.000
275.8542	0.000
275.8750	0.000
275.8958	0.000
275.9167	0.000
275.9375	0.000
275.9583	0.000
275.9792	0.000
276.0000	0.000
276.0208	0.000
276.0417	0.000
276.0625	0.000
276.0833	0.000
276.1042	0.000
276.1250	0.000
276.1458	0.000
276.1667	0.000
276.1875	0.000
276.2083	0.000
276.2292	0.000
276.2500	0.000
276.2708	0.000
276.2917	0.000
276.3125	0.000
276.3333	0.000
276.3542	0.000
276.3750	0.000
276.3958	0.000
276.4167	0.000
276.4375	0.000
276.4583	0.000
276.4792	0.000
276.5000	0.000
276.5208	0.000
276.5417	0.000
276.5625	0.000
276.5833	0.000
276.6042	0.000
276.6250	0.000
276.6458	0.000
276.6667	0.000
276.6875	0.000
276.7083	0.000
276.7292	0.000
276.7500	0.000
276.7708	0.000
276.7917	0.000
276.8125	0.000
276.8333	0.000
276.8542	0.000
276.8750	0.000
276.8958	0.000
276.9167	0.000
276.9375	0.000
276.9583	0.000
276.9792	0.000
277.0000	0.000
277.0208	0.000
277.0417	0.000
277.0625	0.000
277.0833	0.000
277.1042	0.000
277.1250	0.000
277.1458	0.000
277.1667	0.000
277.1875	0.000
277.2083	0.000
277.2292	0.000
277.2500	0.000
277.2708	0.000
277.2917	0.000
277.3125	0.000
277.3333	0.000
277.3542	0.000
277.3750	0.000
277.3958	0.000
277.4167	0.000
277.4375	0.000
277.4583	0.000
277.4792	0.000
277.5000	0.000
277.5208	0.000
277.5417	0.000
277.5625	0.000
277.5833	0.000
277.6042	0.000
277.6250	0.000
277.6458	0.000
277.6667	0.000
277.6875	0.000
277.7083	0.000
277.7292	0.000
277.7500	0.000
277.7708	0.000
277.7917	0.000
277.8125	0.000
277.8333	0.000
277.8542	0.000
277.8750	0.000
277.8958	0.000
277.9167	0.000
277.9375	0.000
277.9583	0.000
277.9792	0.000
278.0000	0.000
278.0208	0.000
278.0417	0.000
278.0625	0.000
278.0833	0.000
278.1042	0.000
278.1250	0.000
278.1458	0.000
278.1667	0.000
278.1875	0.000
278.2083	0.000
278.2292	0.000
278.2500	0.000
278.2708	0.000
278.2917	0.000
278.3125	0.000
278.3333	0.000
278.3542	0.000
278.3750	0.000
278.3958	0.000
278.4167	0.000
278.4375	0.000
278.4583	0.000
278.4792	0.000
278.5000	0.000
278.5208	0.000
278.5417	0.000
278.5625	0.000
278.5833	0.000
278.6042	0.000
278.6250	0.000
278.6458	0.000
278.6667	0.000
278.6875	0.000
278.7083	0.000
278.7292	0.000
278.7500	0.000
278.7708	0.000
278.7917	0.000
278.8125	0.000
278.8333	0.000
278.8542	0.000
278.8750	0.000
278.8958	0.000
278.9167	0.000
278.9375	0.000
278.9583	0.000
278.9792	0.000
279.0000	0.000
279.0208	0.000
279.0417	0.000
279.0625	0.000
279.0833	0.000
279.1042	0.000
279.1250	0.000
279.1458	0.000
279.1667	0.000
279.1875	0.000
279.2083	0.000
279.2292	0.000
279.2500	0.000
279.2708	0.000
279.2917	0.000
279.3125	0.000
279.3333	0.000
279.3542	0.000
279.3750	0.000
279.3958	0.000
279.4167	0.000
279.4375	0.000
279.4583	0.000
279.4792	0.000
279.5000	0.000
279.5208	0.000
279.5417	0.000
279.5625	0.000
279.5833	0.000
279.6042	0.000
279.6250	0.000
279.6458	0.000
279.6667	0.000
279.6875	0.000
279.7083	0.000
279.7292	0.000
279.7500	0.000
279.7708	0.000
279.7917	0.000
279.8125	0.000
279.8333	0.000
279.8542	0.000
279.8750	0.000
279.8958	0.000
279.9167	0.000
279.9375	0.000
279.9583	0.000
279.9792	0.000
280.0000	0.000
280.0208	0.000
280.0417	0.000
280.0625	0.000
280.0833	0.000
280.1042	0.000
280.1250	0.000
280.1458	0.000
280.1667	0.000
280.1875	0.000
280.2083	0.000
280.2292	0.000
280.2500	0.000
280.2708	0.000
280.2917	0.000
280.3125	0.000
280.3333	0.000
280.3542	0.000
280.3750	0.000
280.3958	0.000
280.4167	0.000
280.4375	0.000
280.4583	0.000
280.4792	0.000
280.5000	0.000
280.5208	0.000
280.5417	0.000
280.5625	0.000
280.5833	0.000
280.6042	0.000
280.6250	0.000
280.6458	0.000
280.6667	0.000
280.6875	0.000
280.7083	0.000
280.7292	0.000
280.7500	0.000
280.7708	0.000
280.7917	0.000
280.8125	0.000
280.8333	0.000
280.8542	0.000
280.8750	0.000
280.8958	0.000
280.9167	0.000
280.9375	0.000
280.9583	0.000
280.9792	0.000
281.0000	0.000
281.0208	0.000
281.0417	0.000
281.0625	0.000
281.0833	0.000
281.1042	0.000
281.1250	0.000
281.1458	0.000
281.1667	0.000
281.1875	0.000
281.2083	0.000
281.2292	0.000
281.2500	0.000
281.2708	0.000
281.2917	0.000
281.3125	0.000
281.3333	0.000
281.3542	0.000
281.3750	0.000
281.3958	0.000
281.4167	0.000
281.4375	0.000
281.4583	0.000
281.4792	0.000
281.5000	0.000
281.5208	0.000
281.5417	0.000
281.5625	0.000
281.5833	0.000
281.6042	0.000
281.6250	0.000
281.6458	0.000
281.6667	0.000
281.6875	0.000
281.7083	0.000
281.7292	0.000
281.7500	0.000
281.7708	0.000
281.7917	0.000
281.8125	0.000
281.8333	0.000
281.8542	0.000
281.8750	0.000
281.8958	0.000
281.9167	0.000
281.9375	0.000
281.9583	0.000
281.9792	0.000
282.0000	0.000
282.0208	0.000
282.0417	0.000
282.0625	0.000
282.0833	0.000
282.1042	0.000
282.1250	0.000
282.1458	0.000
282.1667	0.000
282.1875	0.000
282.2083	0.000
282.2292	0.000
282.2500	0.000
282.2708	0.000
282.2917	0.000
282.3125	0.000
282.3333	0.000
282.3542	0.000
282.3750	0.000
282.3958	0.000
282.4167	0.000
282.4375	0.000
282.4583	0.000
282.4792	0.000
282.5000	0.000
282.5208	0.000
282.5417	0.000
282.5625	0.000
282.5833	0.000
282.6042	0.000
282.6250	0.000
282.6458	0.000
282.6667	0.000
282.6875	0.000
282.7083	0.000
282.7292	0.000
282.7500	0.000
282.7708	0.000
282.7917	0.000
282.8125	0.000
282.8333	0.000
282.8542	0.000
282.8750	0.000
282.8958	0.000
282.9167	0.000
282.9375	0.000
282.9583	0.000
282.9792	0.000
283.0000	0.000
283.0208	0.000
283.0417	0.000
283.0625	0.000
283.0833	0.000
283.1042	0.000
283.1250	0.000
283.1458	0.000
283.1667	0.000
283.1875	0.000
283.2083	0.000
283.2292	0.000
283.2500	0.000
283.2708	0.000
283.2917	0.000
283.3125	0.000
283.3333	0.000
283.3542	0.000
283.3750	0.000
283.3958	0.000
283.4167	0.000
283.4375	0.000
283.4583	0.000
283.4792	0.000
283.5000	0.000
283.5208	0.000
283.5417	0.000
283.5625	0.000
283.5833	0.000
283.6042	0.000
283.6250	0.000
283.6458	0.000
283.6667	0.000
283.6875	0.000
283.7083	0.000
283.7292	0.000
283.7500	0.000
283.7708	0.000
283.7917	0.000
283.8125	0.000
283.8333	0.000
283.8542	0.000
283.8750	0.000
283.8958	0.000
283.9167	0.000
283.9375	0.000
283.9583	0.000
283.9792	0.000
284.0000	0.000
284.0208	0.000
284.0417	0.000
284.0625	0.000
284.0833	0.000
284.1042	0.000
284.1250	0.000
284.1458	0.000
284.1667	0.000
284.1875	0.000
284.2083	0.000
284.2292	0.000
284.2500	0.000
284.2708	0.000
284.2917	0.000
284.3125	0.000
284.3333	0.000
284.3542	0.000
284.3750	0.000
284.3958	0.000
284.4167	0.000
284.4375	0.000
284.4583	0.000
284.4792	0.000
284.5000	0.000
284.5208	0.000
284.5417	0.000
284.5625	0.000
284.5833	0.000
284.6042	0.000
284.6250	0.000
284.6458	0.000
284.6667	0.000
284.6875	0.000
284.7083	0.000
284.7292	0.000
284.7500	0.000
284.7708	0.000
284.7917	0.000
284.8125	0.000
284.8333	0.000
284.8542	0.000
284.8750	0.000
284.8958	0.000
284.9167	0.000
284.9375	0.000
284.9583	0.000
284.9792	0.000
285.0000	0.000
285.0208	0.000
285.0417	0.000
285.0625	0.000
285.0833	0.000
285.1042	0.000
285.1250	0.000
285.1458	0.000
285.1667	0.000
285.1875	0.000
285.2083	0.000
285.2292	0.000
285.2500	0.000
285.2708	0.000
285.2917	0.000
285.3125	0.000
285.3333	0.000
285.3542	0.000
285.3750	0.000
285.3958	0.000
285.4167	0.000
285.4375	0.000
285.4583	0.000
285.4792	0.000
285.5000	0.000
285.5208	0.000
285.5417	0.000
285.5625	0.000
285.5833	0.000
285.6042	0.000
285.6250	0.000
285.6458	0.000
285.6667	0.000
285.6875	0.000
285.7083	0.000
285.7292	0.000
285.7500	0.000
285.7708	0.000
285.7917	0.000
285.8125	0.000
285.8333	0.000
285.8542	0.000
285.8750	0.000
285.8958	0.000
285.9167	0.000
285.9375	0.000
285.9583	0.000
285.9792	0.000
286.0000	0.000
286.0208	0.000
286.0417	0.000
286.0625	0.000
286.0833	0.000
286.1042	0.000
286.1250	0.000
286.1458	0.000
286.1667	0.000
286.1875	0.000
286.2083	0.000
286.2292	0.000
286.2500	0.000
286.2708	0.000
286.2917	0.000
286.3125	0.000
286.3333	0.000
286.3542	0.000
286.3750	0.000
286.3958	0.000
286.4167	0.000
286.4375	0.000
286.4583	0.000
286.4792	0.000
286.5000	0.000
286.5208	0.000
286.5417	0.000
286.5625	0.000
286.5833	0.000
286.6042	0.000
286.6250	0.000
286.6458	0.000
286.6667	0.000
286.6875	0.000
286.7083	0.000
286.7292	0.000
286.7500	0.000
286.7708	0.000
286.7917	0.000
286.8125	0.000
286.8333	0.000
286.8542	0.000
286.8750	0.000
286.8958	0.000
286.9167	0.000
286.9375	0.000
286.9583	0.000
286.9792	0.000
287.0000	0.000
287.0208	0.000
287.0417	0.000
287.0625	0.000
287.0833	0.000
287.1042	0.000
287.1250	0.000
287.1458	0.000
287.1667	0.000
287.1875	0.000
287.2083	0.000
287.2292	0.000
287.2500	0.000
287.2708	0.000
287.2917	0.000
287.3125	0.000
287.3333	0.000
287.3542	0.000
287.3750	0.000
287.3958	0.000
287.4167	0.000
287.4375	0.000
287.4583	0.000
287.4792	0.000
287.5000	0.000
287.5208	0.000
287.5417	0.000
287.5625	0.000
287.5833	0.000
287.6042	0.000
287.6250	0.000
287.6458	0.000
287.6667	0.000
287.6875	0.000
287.7083	0.000
287.7292	0.000
287.7500	0.000
287.7708	0.000
287.7917	0.000
287.8125	0.000
287.8333	0.000
287.8542	0.000
287.8750	0.000
287.8958	0.000
287.9167	0.000
287.9375	0.000
287.9583	0.000
287.9792	0.000
288.0000	0.000
288.0208	0.000
288.0417	0.000
288.0625	0.000
288.0833	0.000
288.1042	0.000
288.1250	0.000
288.1458	0.000
288.1667	0.000
288.1875	0.000
288.2083	0.000
288.2292	0.000
288.2500	0.000
288.2708	0.000
288.2917	0.000
288.3125	0.000
288.3333	0.000
288.3542	0.000
288.3750	0.000
288.3958	0.000
288.4167	0.000
288.4375	0.000
288.4583	0.000
288.4792	0.000
288.5000	0.000
288.5208	0.000
288.5417	0.000
288.5625	0.000
288.5833	0.000
288.6042	0.000
288.6250	0.000
288.6458	0.000
288.6667	0.000
288.6875	0.000
288.7083	0.000
288.7292	0.000
288.7500	0.000
288.7708	0.000
288.7917	0.000
288.8125	0.000
288.8333	0.000
288.8542	0.000
288.8750	0.000
288.8958	0.000
288.9167	0.000
288.9375	0.000
288.9583	0.000
288.9792	0.000
289.0000	0.000
289.0208	0.000
289.0417	0.000
289.0625	0.000
289.0833	0.000
289.1042	0.000
289.1250	0.000
289.1458	0.000
289.1667	0.000
289.1875	0.000
289.2083	0.000
289.2292	0.000
289.2500	0.000
289.2708	0.000
289.2917	0.000
289.3125	0.000
289.3333	0.000
289.3542	0.000
289.3750	0.000
289.3958	0.000
289.4167	0.000
289.4375	0.000
289.4583	0.000
289.4792	0.000
289.5000	0.000
289.5208	0.000
289.5417	0.000
289.5625	0.000
289.5833	0.000
289.6042	0.000
289.6250	0.000
289.6458	0.000
289.6667	0.000
289.6875	0.000
289.7083	0.000
289.7292	0.000
289.7500	0.000
289.7708	0.000
289.7917	0.000
289.8125	0.000
289.8333	0.000
289.8542	0.000
289.8750	0.000
289.8958	0.000
289.9167	0.000
289.9375	0.000
289.9583	0.000
289.9792	0.000
290.0000	0.000
290.0208	0.000
290.0417	0.000
290.0625	0.000
290.0833	0.000
290.1042	0.000
290.1250	0.000
290.1458	0.000
290.1667	0.000
290.1875	0.000
290.2083	0.000
290.2292	0.000
290.2500	0.000
290.2708	0.000
290.2917	0.000
290.3125	0.000
290.3333	0.000
290.3542	0.000
290.3750	0.000
290.3958	0.000
290.4167	0.000
290.4375	0.000
290.4583	0.000
290.4792	0.000
290.5000	0.000
290.5208	0.000
290.5417	0.000
290.5625	0.000
290.5833	0.000
290.6042	0.000
290.6250	0.000
290.6458	0.000
