date	do
199.5833	10.850
199.6042	10.850
199.6250	10.820
199.6458	10.820
199.6667	10.820
199.6875	10.830
199.7083	10.870
199.7292	10.870
199.7500	10.860
199.7708	10.880
199.7917	10.880
199.8125	10.910
199.8333	10.930
199.8542	10.920
199.8750	10.950
199.8958	10.960
199.9167	10.960
199.9375	11.000
199.9583	10.990
199.9792	11.030
200.0000	11.070
200.0208	11.090
200.0417	11.090
200.0625	11.070
200.0833	11.070
200.1042	11.130
200.1250	11.160
200.1458	11.140
200.1667	11.160
200.1875	11.170
200.2083	11.180
200.2292	11.170
200.2500	11.160
200.2708	11.030
200.2917	10.960
200.3125	11.000
200.3333	11.040
200.3542	11.050
200.3750	10.980
200.3958	10.970
200.4167	10.920
200.4375	10.860
200.4583	10.740
200.4792	10.600
200.5000	10.430
200.5208	10.230
200.5417	10.040
200.5625	9.770
200.5833	9.480
200.6042	9.220
200.6250	8.970
200.6458	8.730
200.6667	8.540
200.6875	8.350
200.7083	8.150
200.7292	7.990
200.7500	7.840
200.7708	7.740
200.7917	7.520
200.8125	7.190
200.8333	6.920
200.8542	6.670
200.8750	6.490
200.8958	6.430
200.9167	6.390
200.9375	6.250
200.9583	6.150
200.9792	6.140
201.0000	6.060
201.0208	6.020
201.0417	5.990
201.0625	5.850
201.0833	5.660
201.1042	5.540
201.1250	5.390
201.1458	5.280
201.1667	5.180
201.1875	5.060
201.2083	4.910
201.2292	4.830
201.2500	5.590
201.2708	6.600
201.2917	7.060
201.3125	7.360
201.3333	9.030
201.3542	9.280
201.3750	9.400
201.3958	9.030
201.4167	9.040
201.4375	7.920
201.4583	5.910
201.4792	4.650
201.5000	4.560
201.5208	4.590
201.5417	4.610
201.5625	4.650
201.5833	4.700
201.6042	4.810
201.6250	4.960
201.6458	5.100
201.6667	5.270
201.6875	5.380
201.7083	5.460
201.7292	5.450
201.7500	5.410
201.7708	5.370
201.7917	5.320
201.8125	5.350
201.8333	5.350
201.8542	5.260
201.8750	5.270
201.8958	5.250
201.9167	5.210
201.9375	5.290
201.9583	5.380
201.9792	5.320
202.0000	5.530
202.0208	5.660
202.0417	5.810
202.0625	5.950
202.0833	6.090
202.1042	6.320
202.1250	6.470
202.1458	6.640
202.1667	6.770
202.1875	6.850
202.2083	6.930
202.2292	7.020
202.2500	7.060
202.2708	7.110
202.2917	7.180
202.3125	7.260
202.3333	7.320
202.3542	7.400
202.3750	7.470
202.3958	7.530
202.4167	7.620
202.4375	7.700
202.4583	7.750
202.4792	7.780
202.5000	7.830
202.5208	7.870
202.5417	7.900
202.5625	7.930
202.5833	7.940
202.6042	7.960
202.6250	7.960
202.6458	7.990
202.6667	8.000
202.6875	8.050
202.7083	8.080
202.7292	8.120
202.7500	8.150
202.7708	8.210
202.7917	8.280
202.8125	8.330
202.8333	8.380
202.8542	8.440
202.8750	8.480
202.8958	8.530
202.9167	8.560
202.9375	8.600
202.9583	8.600
202.9792	8.630
203.0000	8.640
203.0208	8.650
203.0417	8.670
203.0625	8.680
203.0833	8.700
203.1042	8.720
203.1250	8.710
203.1458	8.710
203.1667	8.720
203.1875	8.730
203.2083	8.700
203.2292	8.750
203.2500	8.730
203.2708	8.740
203.2917	8.750
203.3125	8.750
203.3333	8.760
203.3542	8.790
203.3750	8.880
203.3958	8.900
203.4167	8.950
203.4375	8.980
203.4583	9.000
203.4792	9.050
203.5000	9.060
203.5208	9.080
203.5417	9.090
203.5625	9.110
203.5833	9.090
203.6042	9.080
203.6250	9.090
203.6458	9.130
203.6667	9.100
203.6875	9.130
203.7083	9.130
203.7292	9.160
203.7500	9.150
203.7708	9.140
203.7917	9.190
203.8125	9.240
203.8333	9.310
203.8542	9.300
203.8750	9.320
203.8958	9.360
203.9167	9.410
203.9375	9.450
203.9583	9.500
203.9792	9.540
204.0000	9.590
204.0208	9.630
204.0417	9.670
204.0625	9.720
204.0833	9.730
204.1042	9.740
204.1250	9.760
204.1458	9.790
204.1667	9.800
204.1875	9.810
204.2083	9.850
204.2292	9.840
204.2500	9.860
204.2708	9.860
204.2917	9.880
204.3125	9.890
204.3333	9.870
204.3542	9.880
204.3750	9.890
204.3958	9.880
204.4167	9.890
204.4375	9.910
204.4583	9.900
204.4792	9.900
204.5000	9.910
204.5208	9.910
204.5417	9.910
204.5625	9.910
204.5833	9.900
204.6042	9.910
204.6250	9.900
204.6458	9.900
204.6667	9.920
204.6875	9.900
204.7083	9.910
204.7292	9.900
204.7500	9.890
204.7708	9.880
204.7917	9.860
204.8125	9.880
204.8333	9.870
204.8542	9.850
204.8750	9.860
204.8958	9.860
204.9167	9.840
204.9375	9.820
204.9583	9.810
204.9792	9.810
205.0000	9.840
205.0208	9.840
205.0417	9.850
205.0625	9.850
205.0833	9.850
205.1042	9.840
205.1250	9.830
205.1458	9.830
205.1667	9.790
205.1875	9.800
205.2083	9.800
205.2292	9.800
205.2500	9.800
205.2708	9.800
205.2917	9.780
205.3125	9.770
205.3333	9.780
205.3542	9.780
205.3750	9.780
205.3958	9.780
205.4167	9.800
205.4375	9.800
205.4583	9.790
205.4792	9.810
205.5000	9.840
205.5208	9.850
205.5417	9.870
205.5625	9.910
205.5833	9.930
205.6042	9.920
205.6250	9.940
205.6458	9.960
205.6667	9.960
205.6875	9.980
205.7083	9.990
205.7292	9.970
205.7500	9.960
205.7708	9.940
205.7917	9.950
205.8125	9.940
205.8333	9.930
205.8542	9.900
205.8750	9.890
205.8958	9.870
205.9167	9.860
205.9375	9.850
205.9583	9.850
205.9792	9.850
206.0000	9.840
206.0208	9.830
206.0417	9.810
206.0625	9.800
206.0833	9.780
206.1042	9.770
206.1250	9.780
206.1458	9.770
206.1667	9.760
206.1875	9.730
206.2083	9.750
206.2292	9.720
206.2500	9.720
206.2708	9.710
206.2917	9.690
206.3125	9.690
206.3333	9.690
206.3542	9.690
206.3750	9.720
206.3958	9.710
206.4167	9.740
206.4375	9.760
206.4583	9.730
206.4792	9.740
206.5000	9.730
206.5208	9.710
206.5417	9.720
206.5625	9.710
206.5833	9.680
206.6042	9.670
206.6250	9.650
206.6458	9.620
206.6667	9.600
206.6875	9.570
206.7083	9.560
206.7292	9.530
206.7500	9.540
206.7708	9.530
206.7917	9.530
206.8125	9.520
206.8333	9.510
206.8542	9.520
206.8750	9.530
206.8958	9.540
206.9167	9.550
206.9375	9.580
206.9583	9.600
206.9792	9.620
207.0000	9.650
207.0208	9.680
207.0417	9.690
207.0625	9.700
207.0833	9.710
207.1042	9.710
207.1250	9.710
207.1458	9.710
207.1667	9.710
207.1875	9.700
207.2083	9.750
207.2292	9.740
207.2500	9.740
207.2708	9.750
207.2917	9.760
207.3125	9.740
207.3333	9.750
207.3542	9.790
207.3750	9.810
207.3958	9.790
207.4167	9.750
207.4375	9.740
207.4583	9.800
207.4792	9.800
207.5000	9.800
207.5208	9.840
207.5417	9.870
207.5625	9.920
207.5833	9.940
207.6042	9.960
207.6250	10.000
207.6458	10.010
207.6667	10.040
207.6875	10.090
207.7083	10.090
207.7292	10.040
207.7500	10.040
207.7708	10.070
207.7917	10.060
207.8125	10.040
207.8333	10.040
207.8542	10.050
207.8750	10.050
207.8958	10.050
207.9167	10.050
207.9375	10.040
207.9583	10.000
207.9792	9.960
208.0000	10.000
208.0208	10.010
208.0417	10.040
208.0625	10.060
208.0833	10.030
208.1042	10.060
208.1250	10.060
208.1458	10.070
208.1667	10.090
208.1875	10.090
208.2083	10.100
208.2292	10.100
208.2500	10.130
208.2708	10.090
208.2917	10.100
208.3125	10.120
208.3333	10.150
208.3542	10.110
208.3750	10.100
208.3958	10.120
208.4167	10.150
208.4375	10.160
208.4583	10.240
208.4792	10.260
208.5000	10.240
208.5208	10.260
208.5417	10.280
208.5625	10.310
208.5833	10.360
208.6042	10.360
208.6250	10.400
208.6458	10.360
208.6667	10.380
208.6875	10.380
208.7083	10.370
208.7292	10.400
208.7500	10.430
208.7708	10.420
208.7917	10.400
208.8125	10.410
208.8333	10.400
208.8542	10.380
208.8750	10.400
208.8958	10.410
208.9167	10.410
208.9375	10.430
208.9583	10.410
208.9792	10.420
209.0000	10.360
209.0208	10.330
209.0417	10.350
209.0625	10.360
209.0833	10.360
209.1042	10.330
209.1250	10.300
209.1458	10.310
209.1667	10.340
209.1875	10.380
209.2083	10.420
209.2292	10.460
209.2500	10.550
209.2708	10.540
209.2917	10.530
209.3125	10.540
209.3333	10.530
209.3542	10.530
209.3750	10.530
209.3958	10.500
209.4167	10.490
209.4375	10.500
209.4583	10.500
209.4792	10.500
209.5000	10.490
209.5208	10.470
209.5417	10.480
209.5625	10.460
209.5833	10.440
209.6042	10.430
209.6250	10.430
209.6458	10.430
209.6667	10.430
209.6875	10.440
209.7083	10.430
209.7292	10.440
209.7500	10.440
209.7708	10.430
209.7917	10.400
209.8125	10.380
209.8333	10.400
209.8542	10.390
209.8750	10.410
209.8958	10.390
209.9167	10.400
209.9375	10.420
209.9583	10.360
209.9792	10.390
210.0000	10.370
210.0208	10.360
210.0417	10.350
210.0625	10.340
210.0833	10.350
210.1042	10.370
210.1250	10.360
210.1458	10.280
210.1667	10.250
210.1875	10.230
210.2083	10.240
210.2292	10.220
210.2500	10.200
210.2708	10.190
210.2917	10.180
210.3125	10.190
210.3333	10.180
210.3542	10.180
210.3750	10.180
210.3958	10.180
210.4167	10.190
210.4375	10.170
210.4583	10.180
210.4792	10.170
210.5000	10.170
210.5208	10.160
210.5417	10.150
210.5625	10.140
210.5833	10.120
210.6042	10.090
210.6250	10.070
210.6458	10.070
210.6667	10.090
210.6875	10.130
210.7083	10.120
210.7292	10.130
210.7500	10.130
210.7708	10.100
210.7917	10.090
210.8125	10.060
210.8333	10.050
210.8542	10.030
210.8750	10.000
210.8958	9.990
210.9167	9.990
210.9375	9.970
210.9583	9.950
210.9792	9.930
211.0000	9.950
211.0208	9.980
211.0417	9.980
211.0625	10.000
211.0833	10.030
211.1042	10.030
211.1250	10.050
211.1458	10.050
211.1667	10.040
211.1875	10.050
211.2083	10.050
211.2292	10.030
211.2500	10.030
211.2708	10.010
211.2917	10.010
211.3125	10.010
211.3333	10.060
211.3542	10.000
211.3750	10.060
211.3958	10.040
211.4167	10.010
211.4375	10.030
211.4583	10.020
211.4792	10.040
211.5000	10.040
211.5208	10.050
211.5417	10.090
211.5625	10.090
211.5833	10.160
211.6042	10.170
211.6250	10.160
211.6458	10.130
211.6667	10.080
211.6875	10.030
211.7083	10.000
211.7292	9.950
211.7500	9.910
211.7708	9.880
211.7917	9.850
211.8125	9.820
211.8333	9.820
211.8542	9.790
211.8750	9.770
211.8958	9.760
211.9167	9.740
211.9375	9.750
211.9583	9.740
211.9792	9.710
212.0000	9.720
212.0208	9.720
212.0417	9.720
212.0625	9.720
212.0833	9.700
212.1042	9.700
212.1250	9.690
212.1458	9.710
212.1667	9.710
212.1875	9.740
212.2083	9.720
212.2292	9.720
212.2500	9.720
212.2708	9.730
212.2917	9.730
212.3125	9.750
212.3333	9.740
212.3542	9.720
212.3750	9.720
212.3958	9.710
212.4167	9.700
212.4375	9.720
212.4583	9.720
212.4792	9.700
212.5000	9.710
212.5208	9.720
212.5417	9.720
212.5625	9.740
212.5833	9.740
212.6042	9.760
212.6250	9.770
212.6458	9.750
212.6667	9.760
212.6875	9.740
212.7083	9.710
212.7292	9.710
212.7500	9.710
212.7708	9.720
212.7917	9.720
212.8125	9.730
212.8333	9.730
212.8542	9.700
212.8750	9.710
212.8958	9.710
212.9167	9.700
212.9375	9.680
212.9583	9.650
212.9792	9.670
213.0000	9.650
213.0208	9.650
213.0417	9.640
213.0625	9.640
213.0833	9.620
213.1042	9.620
213.1250	9.600
213.1458	9.590
213.1667	9.580
213.1875	9.560
213.2083	9.530
213.2292	9.510
213.2500	9.490
213.2708	9.470
213.2917	9.430
213.3125	9.410
213.3333	9.360
213.3542	9.330
213.3750	9.310
213.3958	9.280
213.4167	9.250
213.4375	9.230
213.4583	9.210
213.4792	9.180
213.5000	9.160
213.5208	9.130
213.5417	9.130
213.5625	9.100
213.5833	9.100
213.6042	9.070
213.6250	9.040
213.6458	9.020
213.6667	9.000
213.6875	8.990
213.7083	8.990
213.7292	8.980
213.7500	8.960
213.7708	8.950
213.7917	8.940
213.8125	8.920
213.8333	8.910
213.8542	8.880
213.8750	8.830
213.8958	8.760
213.9167	8.740
213.9375	8.700
213.9583	8.670
213.9792	8.640
214.0000	8.620
214.0208	8.600
214.0417	8.600
214.0625	8.600
214.0833	8.600
214.1042	8.620
214.1250	8.590
214.1458	8.590
214.1667	8.620
214.1875	8.550
214.2083	8.520
214.2292	8.400
214.2500	8.490
214.2708	8.440
214.2917	8.490
214.3125	8.400
214.3333	8.290
214.3542	8.310
214.3750	8.320
214.3958	8.340
214.4167	8.380
214.4375	8.430
214.4583	8.520
214.4792	8.550
214.5000	8.530
214.5208	8.540
214.5417	8.490
214.5625	8.530
214.5833	8.500
214.6042	8.510
214.6250	8.510
214.6458	8.510
214.6667	8.500
214.6875	8.530
214.7083	8.570
214.7292	8.520
214.7500	8.530
214.7708	8.520
214.7917	8.520
214.8125	8.530
214.8333	8.470
214.8542	8.440
214.8750	8.420
214.8958	8.380
214.9167	8.350
214.9375	8.310
214.9583	8.260
214.9792	8.230
215.0000	8.230
215.0208	8.190
215.0417	8.160
215.0625	8.160
215.0833	8.120
215.1042	8.100
215.1250	8.110
215.1458	8.090
215.1667	8.080
215.1875	8.110
215.2083	8.130
215.2292	8.110
215.2500	8.020
215.2708	8.000
215.2917	7.960
215.3125	7.990
215.3333	8.040
215.3542	8.020
215.3750	7.990
215.3958	7.960
215.4167	7.940
215.4375	7.920
215.4583	7.910
215.4792	7.890
215.5000	7.890
215.5208	7.910
215.5417	7.960
215.5625	7.990
215.5833	8.020
215.6042	8.020
215.6250	8.040
215.6458	8.040
215.6667	8.020
215.6875	8.030
215.7083	8.270
215.7292	8.350
215.7500	8.420
215.7708	8.420
215.7917	8.360
215.8125	8.400
215.8333	8.470
215.8542	8.480
215.8750	8.450
215.8958	8.400
215.9167	8.360
215.9375	8.390
215.9583	8.470
215.9792	8.510
216.0000	8.500
216.0208	8.460
216.0417	8.540
216.0625	8.620
216.0833	8.610
216.1042	8.590
216.1250	8.610
216.1458	8.570
216.1667	8.580
216.1875	8.570
216.2083	8.560
216.2292	8.530
216.2500	8.490
216.2708	8.460
216.2917	8.460
216.3125	8.460
216.3333	8.400
216.3542	8.360
216.3750	8.330
216.3958	8.350
216.4167	8.360
216.4375	8.350
216.4583	8.300
216.4792	8.150
216.5000	7.960
216.5208	7.850
216.5417	7.790
216.5625	7.780
216.5833	7.800
216.6042	7.830
216.6250	7.810
216.6458	7.830
216.6667	7.810
216.6875	7.800
216.7083	7.780
216.7292	7.700
216.7500	7.650
216.7708	7.620
216.7917	7.590
216.8125	7.580
216.8333	7.620
216.8542	7.620
216.8750	7.630
216.8958	7.580
216.9167	7.550
216.9375	7.600
216.9583	7.640
216.9792	7.530
217.0000	7.540
217.0208	7.590
217.0417	7.630
217.0625	7.650
217.0833	7.700
217.1042	7.720
217.1250	7.730
217.1458	7.760
217.1667	7.800
217.1875	7.830
217.2083	7.850
217.2292	7.900
217.2500	7.910
217.2708	7.930
217.2917	7.930
217.3125	7.910
217.3333	7.910
217.3542	7.920
217.3750	7.910
217.3958	7.880
217.4167	7.810
217.4375	7.760
217.4583	7.720
217.4792	7.690
217.5000	7.650
217.5208	7.630
217.5417	7.590
217.5625	7.590
217.5833	7.610
217.6042	7.610
217.6250	7.620
217.6458	7.640
217.6667	7.660
217.6875	7.680
217.7083	7.710
217.7292	7.760
217.7500	7.790
217.7708	7.820
217.7917	7.840
217.8125	7.850
217.8333	7.830
217.8542	7.830
217.8750	7.830
217.8958	7.830
217.9167	7.810
217.9375	7.810
217.9583	7.850
217.9792	7.790
218.0000	7.760
218.0208	7.730
218.0417	7.720
218.0625	7.740
218.0833	7.700
218.1042	7.710
218.1250	7.680
218.1458	7.670
218.1667	7.650
218.1875	7.620
218.2083	7.590
218.2292	7.560
218.2500	7.550
218.2708	7.540
218.2917	7.590
218.3125	7.640
218.3333	7.700
218.3542	7.720
218.3750	7.760
218.3958	7.750
218.4167	7.800
218.4375	7.780
218.4583	7.830
218.4792	7.800
218.5000	7.900
218.5208	7.920
218.5417	7.950
218.5625	8.010
218.5833	8.050
218.6042	8.070
218.6250	8.070
218.6458	8.060
218.6667	8.060
218.6875	8.050
218.7083	8.040
218.7292	8.040
218.7500	8.030
218.7708	8.030
218.7917	8.020
218.8125	8.020
218.8333	8.000
218.8542	7.970
218.8750	7.990
218.8958	7.960
218.9167	7.940
218.9375	7.940
218.9583	7.980
218.9792	7.970
219.0000	7.940
219.0208	7.940
219.0417	7.930
219.0625	7.940
219.0833	7.910
219.1042	7.900
219.1250	7.900
219.1458	7.900
219.1667	7.890
219.1875	7.890
219.2083	7.890
219.2292	7.900
219.2500	7.880
219.2708	7.880
219.2917	7.890
219.3125	7.890
219.3333	7.890
219.3542	7.890
219.3750	7.890
219.3958	7.890
219.4167	7.900
219.4375	7.890
219.4583	7.860
219.4792	7.850
219.5000	7.870
219.5208	7.870
219.5417	7.850
219.5625	7.820
219.5833	7.810
219.6042	7.780
219.6250	7.780
219.6458	7.770
219.6667	7.750
219.6875	7.740
219.7083	7.740
219.7292	7.730
219.7500	7.730
219.7708	7.710
219.7917	7.690
219.8125	7.700
219.8333	7.710
219.8542	7.680
219.8750	7.700
219.8958	7.690
219.9167	7.680
219.9375	7.670
219.9583	7.670
219.9792	7.660
220.0000	7.650
220.0208	7.630
220.0417	7.620
220.0625	7.580
220.0833	7.600
220.1042	7.600
220.1250	7.590
220.1458	7.590
220.1667	7.600
220.1875	7.570
220.2083	7.590
220.2292	7.560
220.2500	7.560
220.2708	7.550
220.2917	7.540
220.3125	7.540
220.3333	7.530
220.3542	7.520
220.3750	7.490
220.3958	7.490
220.4167	7.490
220.4375	7.490
220.4583	7.500
220.4792	7.500
220.5000	7.480
220.5208	7.490
220.5417	7.480
220.5625	7.480
220.5833	7.450
220.6042	7.460
220.6250	7.460
220.6458	7.460
220.6667	7.460
220.6875	7.450
220.7083	7.440
220.7292	7.430
220.7500	7.420
220.7708	7.410
220.7917	7.380
220.8125	7.390
220.8333	7.380
220.8542	7.370
220.8750	7.360
220.8958	7.330
220.9167	7.320
220.9375	7.300
220.9583	7.310
220.9792	7.300
221.0000	7.280
221.0208	7.270
221.0417	7.260
221.0625	7.250
221.0833	7.250
221.1042	7.250
221.1250	7.260
221.1458	7.200
221.1667	7.170
221.1875	7.180
221.2083	7.170
221.2292	7.170
221.2500	7.170
221.2708	7.170
221.2917	7.150
221.3125	7.120
221.3333	7.110
221.3542	7.080
221.3750	7.100
221.3958	7.050
221.4167	7.040
221.4375	7.030
221.4583	7.020
221.4792	7.020
221.5000	7.020
221.5208	7.000
221.5417	7.000
221.5625	7.000
221.5833	7.000
221.6042	7.000
221.6250	6.980
221.6458	7.000
221.6667	6.990
221.6875	6.990
221.7083	6.990
221.7292	6.990
221.7500	6.990
221.7708	7.010
221.7917	7.020
221.8125	7.050
221.8333	7.080
221.8542	7.100
221.8750	7.120
221.8958	7.140
221.9167	7.150
221.9375	7.180
221.9583	7.190
221.9792	7.190
222.0000	7.200
222.0208	7.190
222.0417	7.190
222.0625	7.200
222.0833	7.170
222.1042	7.150
222.1250	7.150
222.1458	7.110
222.1667	7.110
222.1875	7.100
222.2083	7.080
222.2292	7.070
222.2500	7.060
222.2708	7.050
222.2917	7.060
222.3125	7.030
222.3333	7.030
222.3542	7.050
222.3750	7.050
222.3958	7.060
222.4167	7.060
222.4375	7.060
222.4583	7.060
222.4792	7.060
222.5000	7.060
222.5208	7.050
222.5417	7.060
222.5625	7.060
222.5833	7.060
222.6042	7.040
222.6250	7.040
222.6458	7.040
222.6667	7.020
222.6875	7.020
222.7083	7.020
222.7292	6.990
222.7500	6.990
222.7708	6.990
222.7917	6.990
222.8125	6.990
222.8333	6.980
222.8542	6.990
222.8750	6.960
222.8958	6.980
222.9167	6.970
222.9375	6.940
222.9583	6.880
222.9792	6.860
223.0000	6.880
223.0208	6.900
223.0417	6.920
223.0625	6.940
223.0833	6.940
223.1042	6.930
223.1250	6.940
223.1458	6.950
223.1667	6.930
223.1875	6.920
223.2083	6.910
223.2292	6.900
223.2500	6.890
223.2708	6.880
223.2917	6.880
223.3125	6.860
223.3333	6.840
223.3542	6.830
223.3750	6.810
223.3958	6.780
223.4167	6.770
223.4375	6.750
223.4583	6.720
223.4792	6.700
223.5000	6.680
223.5208	6.660
223.5417	6.640
223.5625	6.620
223.5833	6.590
223.6042	6.550
223.6250	6.540
223.6458	6.500
223.6667	6.490
223.6875	6.440
223.7083	6.410
223.7292	6.390
223.7500	6.350
223.7708	6.340
223.7917	6.320
223.8125	6.290
223.8333	6.270
223.8542	6.250
223.8750	6.230
223.8958	6.220
223.9167	6.210
223.9375	6.200
223.9583	6.200
223.9792	6.180
224.0000	6.180
224.0208	6.160
224.0417	6.170
224.0625	6.160
224.0833	6.150
224.1042	6.140
224.1250	6.180
224.1458	6.180
224.1667	6.120
224.1875	6.140
224.2083	6.090
224.2292	6.070
224.2500	6.050
224.2708	6.030
224.2917	6.030
224.3125	6.000
224.3333	5.980
224.3542	5.980
224.3750	5.990
224.3958	5.980
224.4167	5.970
224.4375	5.980
224.4583	5.970
224.4792	5.960
224.5000	5.940
224.5208	5.950
224.5417	5.900
224.5625	5.930
224.5833	5.910
224.6042	5.930
224.6250	5.930
224.6458	5.930
224.6667	5.830
224.6875	5.770
224.7083	5.740
224.7292	5.670
224.7500	5.670
224.7708	5.670
224.7917	5.670
224.8125	5.660
224.8333	5.690
224.8542	5.700
224.8750	5.710
224.8958	5.680
224.9167	5.570
224.9375	5.530
224.9583	5.510
224.9792	5.510
225.0000	5.520
225.0208	5.480
225.0417	5.520
225.0625	5.490
225.0833	5.490
225.1042	5.470
225.1250	5.510
225.1458	5.460
225.1667	5.490
225.1875	5.470
225.2083	5.460
225.2292	5.490
225.2500	5.530
225.2708	5.600
225.2917	5.580
225.3125	5.580
225.3333	5.590
225.3542	5.600
225.3750	5.600
225.3958	5.560
225.4167	5.560
225.4375	5.540
225.4583	5.510
225.4792	5.460
225.5000	5.410
225.5208	5.360
225.5417	5.320
225.5625	5.290
225.5833	5.270
225.6042	5.280
225.6250	5.260
225.6458	5.270
225.6667	5.270
225.6875	5.270
225.7083	5.290
225.7292	5.310
225.7500	5.330
225.7708	5.350
225.7917	5.370
225.8125	5.390
225.8333	5.430
225.8542	5.420
225.8750	5.450
225.8958	5.480
225.9167	5.490
225.9375	5.470
225.9583	5.460
225.9792	5.460
226.0000	5.430
226.0208	5.400
226.0417	5.370
226.0625	5.320
226.0833	5.280
226.1042	5.290
226.1250	5.220
226.1458	5.200
226.1667	5.230
226.1875	5.270
226.2083	5.300
226.2292	5.340
226.2500	5.410
226.2708	5.470
226.2917	5.520
226.3125	5.570
226.3333	5.610
226.3542	5.690
226.3750	5.700
226.3958	5.740
226.4167	5.770
226.4375	5.800
226.4583	5.820
226.4792	5.830
226.5000	5.850
226.5208	5.830
226.5417	5.860
226.5625	5.890
226.5833	5.920
226.6042	5.930
226.6250	5.940
226.6458	5.940
226.6667	5.920
226.6875	5.900
226.7083	5.890
226.7292	5.880
226.7500	5.870
226.7708	5.870
226.7917	5.870
226.8125	5.840
226.8333	5.870
226.8542	5.860
226.8750	5.850
226.8958	5.860
226.9167	5.870
226.9375	5.880
226.9583	5.890
226.9792	5.900
227.0000	5.900
227.0208	5.910
227.0417	5.920
227.0625	5.930
227.0833	5.930
227.1042	5.940
227.1250	5.950
227.1458	5.950
227.1667	5.960
227.1875	5.960
227.2083	5.960
227.2292	5.980
227.2500	5.990
227.2708	6.000
227.2917	6.000
227.3125	5.990
227.3333	5.970
227.3542	5.970
227.3750	5.960
227.3958	5.960
227.4167	5.940
227.4375	5.950
227.4583	5.950
227.4792	5.970
227.5000	5.930
227.5208	5.910
227.5417	5.920
227.5625	5.940
227.5833	5.950
227.6042	5.970
227.6250	5.990
227.6458	6.000
227.6667	6.010
227.6875	6.020
227.7083	6.020
227.7292	6.030
227.7500	6.040
227.7708	6.040
227.7917	6.050
227.8125	6.050
227.8333	6.060
227.8542	6.060
227.8750	6.060
227.8958	6.070
227.9167	6.050
227.9375	6.050
227.9583	6.040
227.9792	6.030
228.0000	6.030
228.0208	6.010
228.0417	6.000
228.0625	5.970
228.0833	5.960
228.1042	5.960
228.1250	5.950
228.1458	5.930
228.1667	5.910
228.1875	5.890
228.2083	5.890
228.2292	5.870
228.2500	5.860
228.2708	5.860
228.2917	5.850
228.3125	5.850
228.3333	5.840
228.3542	5.830
228.3750	5.810
228.3958	5.800
228.4167	5.790
228.4375	5.770
228.4583	5.770
228.4792	5.750
228.5000	5.730
228.5208	5.710
228.5417	5.700
228.5625	5.680
228.5833	5.670
228.6042	5.650
228.6250	5.630
228.6458	5.630
228.6667	5.620
228.6875	5.600
228.7083	5.600
228.7292	5.570
228.7500	5.590
228.7708	5.570
228.7917	5.560
228.8125	5.540
228.8333	5.520
228.8542	5.500
228.8750	5.480
228.8958	5.460
228.9167	5.440
228.9375	5.420
228.9583	5.400
228.9792	5.400
229.0000	5.370
229.0208	5.350
229.0417	5.340
229.0625	5.310
229.0833	5.280
229.1042	5.280
229.1250	5.210
229.1458	5.240
229.1667	5.260
229.1875	5.250
229.2083	5.230
229.2292	5.210
229.2500	5.220
229.2708	5.160
229.2917	5.120
229.3125	5.140
229.3333	5.120
229.3542	5.110
229.3750	5.120
229.3958	5.130
229.4167	5.170
229.4375	5.200
229.4583	5.200
229.4792	5.210
229.5000	5.210
229.5208	5.220
229.5417	5.220
229.5625	5.190
229.5833	5.160
229.6042	5.170
229.6250	5.160
229.6458	5.130
229.6667	5.110
229.6875	5.060
229.7083	5.020
229.7292	4.950
229.7500	4.930
229.7708	4.880
229.7917	4.850
229.8125	4.830
229.8333	4.810
229.8542	4.780
229.8750	4.730
229.8958	4.690
229.9167	4.640
229.9375	4.600
229.9583	4.570
229.9792	4.540
230.0000	4.530
230.0208	4.530
230.0417	4.510
230.0625	4.530
230.0833	4.550
230.1042	4.580
230.1250	4.620
230.1458	4.660
230.1667	4.690
230.1875	4.710
230.2083	4.760
230.2292	4.780
230.2500	4.790
230.2708	4.790
230.2917	4.790
230.3125	4.780
230.3333	4.760
230.3542	4.750
230.3750	4.730
230.3958	4.670
230.4167	4.590
230.4375	4.610
230.4583	4.580
230.4792	4.580
230.5000	4.590
230.5208	4.590
230.5417	4.580
230.5625	4.590
230.5833	4.600
230.6042	4.610
230.6250	4.620
230.6458	4.630
230.6667	4.630
230.6875	4.630
230.7083	4.630
230.7292	4.630
230.7500	4.630
230.7708	4.640
230.7917	4.640
230.8125	4.630
230.8333	4.630
230.8542	4.620
230.8750	4.600
230.8958	4.610
230.9167	4.600
230.9375	4.580
230.9583	4.560
230.9792	4.540
231.0000	4.500
231.0208	4.500
231.0417	4.470
231.0625	4.460
231.0833	4.450
231.1042	4.450
231.1250	4.440
231.1458	4.430
231.1667	4.430
231.1875	4.420
231.2083	4.410
231.2292	4.420
231.2500	4.410
231.2708	4.410
231.2917	4.420
231.3125	4.410
231.3333	4.410
231.3542	4.420
231.3750	4.420
231.3958	4.430
231.4167	4.430
231.4375	4.430
231.4583	4.430
231.4792	4.430
231.5000	4.420
231.5208	4.430
231.5417	4.420
231.5625	4.420
231.5833	4.420
231.6042	4.410
231.6250	4.400
231.6458	4.400
231.6667	4.380
231.6875	4.380
231.7083	4.370
231.7292	4.360
231.7500	4.350
231.7708	4.330
231.7917	4.320
231.8125	4.320
231.8333	4.320
231.8542	4.310
231.8750	4.310
231.8958	4.310
231.9167	4.300
231.9375	4.320
231.9583	4.320
231.9792	4.320
232.0000	4.310
232.0208	4.330
232.0417	4.330
232.0625	4.340
232.0833	4.350
232.1042	4.350
232.1250	4.360
232.1458	4.370
232.1667	4.350
232.1875	4.350
232.2083	4.350
232.2292	4.340
232.2500	4.340
232.2708	4.320
232.2917	4.310
232.3125	4.310
232.3333	4.280
232.3542	4.280
232.3750	4.300
232.3958	4.280
232.4167	4.270
232.4375	4.300
232.4583	4.270
232.4792	4.260
232.5000	4.250
232.5208	4.220
232.5417	4.210
232.5625	4.220
232.5833	4.250
232.6042	4.270
232.6250	4.300
232.6458	4.310
232.6667	4.320
232.6875	4.340
232.7083	4.350
232.7292	4.350
232.7500	4.350
232.7708	4.340
232.7917	4.350
232.8125	4.340
232.8333	4.340
232.8542	4.340
232.8750	4.350
232.8958	4.350
232.9167	4.350
232.9375	4.360
232.9583	4.360
232.9792	4.360
233.0000	4.360
233.0208	4.350
233.0417	4.330
233.0625	4.310
233.0833	4.280
233.1042	4.240
233.1250	4.200
233.1458	4.150
233.1667	4.090
233.1875	4.020
233.2083	3.950
233.2292	3.870
233.2500	3.810
233.2708	3.750
233.2917	3.700
233.3125	3.680
233.3333	3.650
233.3542	3.600
233.3750	3.520
233.3958	3.450
233.4167	3.360
233.4375	3.290
233.4583	3.180
233.4792	3.120
233.5000	3.040
233.5208	2.950
233.5417	2.860
233.5625	2.770
233.5833	2.730
233.6042	2.710
233.6250	2.700
233.6458	2.720
233.6667	2.770
233.6875	2.850
233.7083	2.980
233.7292	3.120
233.7500	3.260
233.7708	3.400
233.7917	3.570
233.8125	3.800
233.8333	4.100
233.8542	4.340
233.8750	4.630
233.8958	4.890
233.9167	5.120
233.9375	5.260
233.9583	5.450
233.9792	5.540
234.0000	5.680
234.0208	5.790
234.0417	5.810
234.0625	5.830
234.0833	5.720
234.1042	5.540
234.1250	5.460
234.1458	5.470
234.1667	5.160
234.1875	5.080
234.2083	5.000
234.2292	4.930
234.2500	4.850
234.2708	4.760
234.2917	4.680
234.3125	4.490
234.3333	4.400
234.3542	4.380
234.3750	4.270
234.3958	4.170
234.4167	4.100
234.4375	4.100
234.4583	4.010
234.4792	3.930
234.5000	4.000
234.5208	4.080
234.5417	4.400
234.5625	4.050
234.5833	3.980
234.6042	3.760
234.6250	3.590
234.6458	3.380
234.6667	3.360
234.6875	3.240
234.7083	3.190
234.7292	3.180
234.7500	3.190
234.7708	3.180
234.7917	3.190
234.8125	3.220
234.8333	3.140
234.8542	3.150
234.8750	3.170
234.8958	3.180
234.9167	3.120
234.9375	3.110
234.9583	3.070
234.9792	2.960
235.0000	2.920
235.0208	2.930
235.0417	2.960
235.0625	2.890
235.0833	2.820
235.1042	2.720
235.1250	2.780
235.1458	2.800
235.1667	2.710
235.1875	2.690
235.2083	2.670
235.2292	2.580
235.2500	2.680
235.2708	2.700
235.2917	2.660
235.3125	2.650
235.3333	2.660
235.3542	2.660
235.3750	2.650
235.3958	2.660
235.4167	2.710
235.4375	2.670
235.4583	2.660
235.4792	2.680
235.5000	2.690
235.5208	2.900
235.5417	2.950
235.5625	3.860
235.5833	3.460
235.6042	3.230
235.6250	3.220
235.6458	2.970
235.6667	2.870
235.6875	2.750
235.7083	2.850
235.7292	2.840
235.7500	2.960
235.7708	2.690
235.7917	2.600
235.8125	2.490
235.8333	2.520
235.8542	2.450
235.8750	2.420
235.8958	2.390
235.9167	2.310
235.9375	2.310
235.9583	2.370
235.9792	2.350
236.0000	2.300
236.0208	2.380
236.0417	2.320
236.0625	2.350
236.0833	2.340
236.1042	2.340
236.1250	2.340
236.1458	2.380
236.1667	2.470
236.1875	2.770
236.2083	2.680
236.2292	2.280
236.2500	2.290
236.2708	2.130
236.2917	2.150
236.3125	2.030
236.3333	2.020
236.3542	2.000
236.3750	2.070
236.3958	1.990
236.4167	1.950
236.4375	2.540
236.4583	2.120
236.4792	1.990
236.5000	1.960
236.5208	1.920
236.5417	1.900
236.5625	1.930
236.5833	1.890
236.6042	1.870
236.6250	1.910
236.6458	1.920
236.6667	1.920
236.6875	1.920
236.7083	1.900
236.7292	1.870
236.7500	1.840
236.7708	1.820
236.7917	1.830
236.8125	1.810
236.8333	1.810
236.8542	1.800
236.8750	1.810
236.8958	1.820
236.9167	1.770
236.9375	1.760
236.9583	1.760
236.9792	1.760
237.0000	1.750
237.0208	1.760
237.0417	1.770
237.0625	1.740
237.0833	1.850
237.1042	1.680
237.1250	1.660
237.1458	1.650
237.1667	1.620
237.1875	1.580
237.2083	1.640
237.2292	1.620
237.2500	1.580
237.2708	1.540
237.2917	1.540
237.3125	1.490
237.3333	1.510
237.3542	1.490
237.3750	1.550
237.3958	1.570
237.4167	1.490
237.4375	1.520
237.4583	1.470
237.4792	1.480
237.5000	1.450
237.5208	1.470
237.5417	1.470
237.5625	1.430
237.5833	1.430
237.6042	1.470
237.6250	1.420
237.6458	1.440
237.6667	1.420
237.6875	1.400
237.7083	1.360
237.7292	1.370
237.7500	1.420
237.7708	1.370
237.7917	1.330
237.8125	1.310
237.8333	1.330
237.8542	1.250
237.8750	1.260
237.8958	1.290
237.9167	1.340
237.9375	1.340
237.9583	1.340
237.9792	1.350
238.0000	1.360
238.0208	1.330
238.0417	1.280
238.0625	1.240
238.0833	1.220
238.1042	1.240
238.1250	1.240
238.1458	1.320
238.1667	1.320
238.1875	1.270
238.2083	1.300
238.2292	1.280
238.2500	1.280
238.2708	1.280
238.2917	1.250
238.3125	1.260
238.3333	1.240
238.3542	1.250
238.3750	1.240
238.3958	1.250
238.4167	1.210
238.4375	1.210
238.4583	1.200
238.4792	1.200
238.5000	1.170
238.5208	1.170
238.5417	1.150
238.5625	1.140
238.5833	1.130
238.6042	1.130
238.6250	1.100
238.6458	1.090
238.6667	1.080
238.6875	1.070
238.7083	1.060
238.7292	1.050
238.7500	1.040
238.7708	1.020
238.7917	1.020
238.8125	1.010
238.8333	1.000
238.8542	1.000
238.8750	0.990
238.8958	0.990
238.9167	0.980
238.9375	0.970
238.9583	0.950
238.9792	0.950
239.0000	0.940
239.0208	0.940
239.0417	0.960
239.0625	0.960
239.0833	0.970
239.1042	0.980
239.1250	1.000
239.1458	1.010
239.1667	1.020
239.1875	1.020
239.2083	1.050
239.2292	1.000
239.2500	1.000
239.2708	0.990
239.2917	0.980
239.3125	0.990
239.3333	0.980
239.3542	0.980
239.3750	0.980
239.3958	0.990
239.4167	0.980
239.4375	0.980
239.4583	0.980
239.4792	0.980
239.5000	0.990
239.5208	0.980
239.5417	0.980
239.5625	0.980
239.5833	0.970
239.6042	0.980
239.6250	0.990
239.6458	1.010
239.6667	1.010
239.6875	1.030
239.7083	1.030
239.7292	1.050
239.7500	1.050
239.7708	1.060
239.7917	1.070
239.8125	1.080
239.8333	1.070
239.8542	1.080
239.8750	1.070
239.8958	1.050
239.9167	1.040
239.9375	1.040
239.9583	1.030
239.9792	1.040
240.0000	1.040
240.0208	1.030
240.0417	1.030
240.0625	1.050
240.0833	1.050
240.1042	1.070
240.1250	1.080
240.1458	1.110
240.1667	1.130
240.1875	1.160
240.2083	1.170
240.2292	1.200
240.2500	1.220
240.2708	1.230
240.2917	1.250
240.3125	1.250
240.3333	1.270
240.3542	1.290
240.3750	1.290
240.3958	1.290
240.4167	1.300
240.4375	1.290
240.4583	1.300
240.4792	1.300
240.5000	1.290
240.5208	1.290
240.5417	1.260
240.5625	1.240
240.5833	1.260
240.6042	1.220
240.6250	1.270
240.6458	1.280
240.6667	1.300
240.6875	1.290
240.7083	1.250
240.7292	1.240
240.7500	1.260
240.7708	1.250
240.7917	1.250
240.8125	1.240
240.8333	1.240
240.8542	1.240
240.8750	1.230
240.8958	1.230
240.9167	1.220
240.9375	1.230
240.9583	1.230
240.9792	1.230
241.0000	1.240
241.0208	1.230
241.0417	1.220
241.0625	1.220
241.0833	1.220
241.1042	1.230
241.1250	1.220
241.1458	1.240
241.1667	1.230
241.1875	1.230
241.2083	1.240
241.2292	1.250
241.2500	1.240
241.2708	1.240
241.2917	1.250
241.3125	1.240
241.3333	1.240
241.3542	1.250
241.3750	1.240
241.3958	1.230
241.4167	1.220
241.4375	1.220
241.4583	1.210
241.4792	1.220
241.5000	1.210
241.5208	1.190
241.5417	1.200
241.5625	1.200
241.5833	1.200
241.6042	1.200
241.6250	1.190
241.6458	1.190
241.6667	1.190
241.6875	1.200
241.7083	1.190
241.7292	1.190
241.7500	1.180
241.7708	1.190
241.7917	1.180
241.8125	1.180
241.8333	1.180
241.8542	1.180
241.8750	1.180
241.8958	1.190
241.9167	1.200
241.9375	1.160
241.9583	1.180
241.9792	1.180
242.0000	1.100
242.0208	1.080
242.0417	1.100
242.0625	1.110
242.0833	1.110
242.1042	1.120
242.1250	1.090
242.1458	1.080
242.1667	1.070
242.1875	1.060
242.2083	1.030
242.2292	1.040
242.2500	1.020
242.2708	1.020
242.2917	1.000
242.3125	1.000
242.3333	0.980
242.3542	0.970
242.3750	0.960
242.3958	0.960
242.4167	0.970
242.4375	0.980
242.4583	0.990
242.4792	0.980
242.5000	0.980
242.5208	0.970
242.5417	0.970
242.5625	0.960
242.5833	0.980
242.6042	1.000
242.6250	1.020
242.6458	1.040
242.6667	1.030
242.6875	1.040
242.7083	1.050
242.7292	1.030
242.7500	1.030
242.7708	1.030
242.7917	1.010
242.8125	0.990
242.8333	1.000
242.8542	0.990
242.8750	0.990
242.8958	0.960
242.9167	0.940
242.9375	0.920
242.9583	0.930
242.9792	0.910
243.0000	0.910
243.0208	0.900
243.0417	0.900
243.0625	0.890
243.0833	0.890
243.1042	0.890
243.1250	0.880
243.1458	0.870
243.1667	0.860
243.1875	0.840
243.2083	0.840
243.2292	0.830
243.2500	0.810
243.2708	0.800
243.2917	0.790
243.3125	0.780
243.3333	0.780
243.3542	0.770
243.3750	0.770
243.3958	0.760
243.4167	0.760
243.4375	0.760
243.4583	0.760
243.4792	0.750
243.5000	0.750
243.5208	0.750
243.5417	0.740
243.5625	0.730
243.5833	0.730
243.6042	0.720
243.6250	0.720
243.6458	0.710
243.6667	0.700
243.6875	0.700
243.7083	0.690
243.7292	0.690
243.7500	0.690
243.7708	0.680
243.7917	0.680
243.8125	0.680
243.8333	0.680
243.8542	0.680
243.8750	0.680
243.8958	0.680
243.9167	0.690
243.9375	0.690
243.9583	0.690
243.9792	0.690
244.0000	0.680
244.0208	0.680
244.0417	0.680
244.0625	0.680
244.0833	0.690
244.1042	0.690
244.1250	0.700
244.1458	0.700
244.1667	0.700
244.1875	0.700
244.2083	0.700
244.2292	0.690
244.2500	0.690
244.2708	0.670
244.2917	0.660
244.3125	0.650
244.3333	0.630
244.3542	0.620
244.3750	0.610
244.3958	0.590
244.4167	0.580
244.4375	0.570
244.4583	0.560
244.4792	0.550
244.5000	0.550
244.5208	0.530
244.5417	0.530
244.5625	0.520
244.5833	0.510
244.6042	0.500
244.6250	0.490
244.6458	0.480
244.6667	0.470
244.6875	0.460
244.7083	0.450
244.7292	0.430
244.7500	0.410
244.7708	0.400
244.7917	0.380
244.8125	0.360
244.8333	0.340
244.8542	0.330
244.8750	0.310
244.8958	0.290
244.9167	0.270
244.9375	0.260
244.9583	0.240
244.9792	0.230
245.0000	0.220
245.0208	0.210
245.0417	0.200
245.0625	0.200
245.0833	0.190
245.1042	0.180
245.1250	0.170
245.1458	0.180
245.1667	0.170
245.1875	0.170
245.2083	0.170
245.2292	0.170
245.2500	0.170
245.2708	0.170
245.2917	0.170
245.3125	0.170
245.3333	0.180
245.3542	0.180
245.3750	0.180
245.3958	0.180
245.4167	0.170
245.4375	0.170
245.4583	0.180
245.4792	0.180
245.5000	0.180
245.5208	0.170
245.5417	0.170
245.5625	0.160
245.5833	0.160
245.6042	0.160
245.6250	0.150
245.6458	0.150
245.6667	0.150
245.6875	0.140
245.7083	0.140
245.7292	0.130
245.7500	0.130
245.7708	0.120
245.7917	0.100
245.8125	0.090
245.8333	0.090
245.8542	0.090
245.8750	0.090
245.8958	0.100
245.9167	0.090
245.9375	0.090
245.9583	0.090
245.9792	0.100
246.0000	0.100
246.0208	0.100
246.0417	0.100
246.0625	0.100
246.0833	0.100
246.1042	0.100
246.1250	0.100
246.1458	0.100
246.1667	0.100
246.1875	0.100
246.2083	0.100
246.2292	0.100
246.2500	0.100
246.2708	0.100
246.2917	0.100
246.3125	0.100
246.3333	0.110
246.3542	0.120
246.3750	0.110
246.3958	0.110
246.4167	0.110
246.4375	0.120
246.4583	0.120
246.4792	0.130
246.5000	0.130
246.5208	0.130
246.5417	0.140
246.5625	0.140
246.5833	0.150
246.6042	0.160
246.6250	0.160
246.6458	0.170
246.6667	0.170
246.6875	0.170
246.7083	0.170
246.7292	0.180
246.7500	0.180
246.7708	0.180
246.7917	0.180
246.8125	0.180
246.8333	0.180
246.8542	0.180
246.8750	0.180
246.8958	0.190
246.9167	0.180
246.9375	0.180
246.9583	0.180
246.9792	0.170
247.0000	0.180
247.0208	0.170
247.0417	0.160
247.0625	0.170
247.0833	0.160
247.1042	0.160
247.1250	0.160
247.1458	0.160
247.1667	0.160
247.1875	0.160
247.2083	0.160
247.2292	0.160
247.2500	0.160
247.2708	0.160
247.2917	0.160
247.3125	0.160
247.3333	0.160
247.3542	0.160
247.3750	0.160
247.3958	0.160
247.4167	0.170
247.4375	0.160
247.4583	0.170
247.4792	0.160
247.5000	0.160
247.5208	0.170
247.5417	0.160
247.5625	0.160
247.5833	0.170
247.6042	0.160
247.6250	0.170
247.6458	0.160
247.6667	0.160
247.6875	0.160
247.7083	0.160
247.7292	0.160
247.7500	0.150
247.7708	0.150
247.7917	0.140
247.8125	0.130
247.8333	0.140
247.8542	0.140
247.8750	0.130
247.8958	0.130
247.9167	0.130
247.9375	0.130
247.9583	0.130
247.9792	0.120
248.0000	0.130
248.0208	0.120
248.0417	0.130
248.0625	0.140
248.0833	0.140
248.1042	0.140
248.1250	0.150
248.1458	0.150
248.1667	0.150
248.1875	0.160
248.2083	0.160
248.2292	0.160
248.2500	0.160
248.2708	0.170
248.2917	0.170
248.3125	0.170
248.3333	0.170
248.3542	0.160
248.3750	0.140
248.3958	0.090
248.4167	0.100
248.4375	0.070
248.4583	0.050
248.4792	0.040
248.5000	0.020
248.5208	0.020
248.5417	0.010
248.5625	0.010
248.5833	0.030
248.6042	0.030
248.6250	0.040
248.6458	0.100
248.6667	0.090
248.6875	0.120
248.7083	0.110
248.7292	0.110
248.7500	0.090
248.7708	0.080
248.7917	0.030
248.8125	0.020
248.8333	0.000
248.8542	0.000
248.8750	0.000
248.8958	0.000
248.9167	0.000
248.9375	0.000
248.9583	0.000
248.9792	0.000
249.0000	0.000
249.0208	0.000
249.0417	0.000
249.0625	0.050
249.0833	0.080
249.1042	0.080
249.1250	0.090
249.1458	0.070
249.1667	0.080
249.1875	0.080
249.2083	0.080
249.2292	0.080
249.2500	0.090
249.2708	0.090
249.2917	0.090
249.3125	0.070
249.3333	0.000
249.3542	0.000
249.3750	0.020
249.3958	0.010
249.4167	0.000
249.4375	0.000
249.4583	0.000
249.4792	0.000
249.5000	0.000
249.5208	0.000
249.5417	0.000
249.5625	0.000
249.5833	0.000
249.6042	0.000
249.6250	0.000
249.6458	0.000
249.6667	0.000
249.6875	0.040
249.7083	0.040
249.7292	0.060
249.7500	0.050
249.7708	0.050
249.7917	0.040
249.8125	0.040
249.8333	0.040
249.8542	0.030
249.8750	0.030
249.8958	0.020
249.9167	0.010
249.9375	0.000
249.9583	0.000
249.9792	0.000
250.0000	0.000
250.0208	0.010
250.0417	0.050
250.0625	0.060
250.0833	0.070
250.1042	0.080
250.1250	0.100
250.1458	0.110
250.1667	0.110
250.1875	0.100
250.2083	0.100
250.2292	0.100
250.2500	0.060
250.2708	0.030
250.2917	0.000
250.3125	0.000
250.3333	0.000
250.3542	0.000
250.3750	0.000
250.3958	0.000
250.4167	0.000
250.4375	0.000
250.4583	0.000
250.4792	0.000
250.5000	0.000
250.5208	0.000
250.5417	0.000
250.5625	0.000
250.5833	0.000
250.6042	0.000
250.6250	0.000
250.6458	0.000
250.6667	0.000
250.6875	0.000
250.7083	0.000
250.7292	0.000
250.7500	0.000
250.7708	0.000
250.7917	0.000
250.8125	0.000
250.8333	0.000
250.8542	0.010
250.8750	0.010
250.8958	0.020
250.9167	0.030
250.9375	0.030
250.9583	0.040
250.9792	0.040
251.0000	0.040
251.0208	0.040
251.0417	0.050
251.0625	0.050
251.0833	0.050
251.1042	0.040
251.1250	0.030
251.1458	0.020
251.1667	0.000
251.1875	0.000
251.2083	0.000
251.2292	0.000
251.2500	0.000
251.2708	0.000
251.2917	0.000
251.3125	0.000
251.3333	0.000
251.3542	0.000
251.3750	0.000
251.3958	0.000
251.4167	0.000
251.4375	0.000
251.4583	0.000
251.4792	0.000
251.5000	0.000
251.5208	0.000
251.5417	0.000
251.5625	0.000
251.5833	0.000
251.6042	0.000
251.6250	0.000
251.6458	0.000
251.6667	0.000
251.6875	0.000
251.7083	0.000
251.7292	0.000
251.7500	0.000
251.7708	0.000
251.7917	0.000
251.8125	0.000
251.8333	0.000
251.8542	0.000
251.8750	0.000
251.8958	0.000
251.9167	0.000
251.9375	0.000
251.9583	0.000
251.9792	0.000
252.0000	0.000
252.0208	0.000
252.0417	0.000
252.0625	0.000
252.0833	0.000
252.1042	0.000
252.1250	0.000
252.1458	0.000
252.1667	0.000
252.1875	0.000
252.2083	0.000
252.2292	0.000
252.2500	0.000
252.2708	0.000
252.2917	0.000
252.3125	0.000
252.3333	0.000
252.3542	0.000
252.3750	0.000
252.3958	0.000
252.4167	0.000
252.4375	0.000
252.4583	0.000
252.4792	0.000
252.5000	0.000
252.5208	0.000
252.5417	0.000
252.5625	0.000
252.5833	0.000
252.6042	0.000
252.6250	0.000
252.6458	0.000
252.6667	0.000
252.6875	0.000
252.7083	0.000
252.7292	0.000
252.7500	0.000
252.7708	0.000
252.7917	0.000
252.8125	0.000
252.8333	0.000
252.8542	0.000
252.8750	0.000
252.8958	0.000
252.9167	0.000
252.9375	0.000
252.9583	0.000
252.9792	0.000
253.0000	0.000
253.0208	0.000
253.0417	0.000
253.0625	0.000
253.0833	0.000
253.1042	0.000
253.1250	0.000
253.1458	0.000
253.1667	0.000
253.1875	0.000
253.2083	0.000
253.2292	0.000
253.2500	0.000
253.2708	0.000
253.2917	0.000
253.3125	0.000
253.3333	0.000
253.3542	0.000
253.3750	0.000
253.3958	0.000
253.4167	0.000
253.4375	0.000
253.4583	0.000
253.4792	0.000
253.5000	0.000
253.5208	0.000
253.5417	0.000
253.5625	0.000
253.5833	0.000
253.6042	0.000
253.6250	0.000
253.6458	0.000
253.6667	0.000
253.6875	0.000
253.7083	0.000
253.7292	0.000
253.7500	0.000
253.7708	0.000
253.7917	0.000
253.8125	0.000
253.8333	0.000
253.8542	0.000
253.8750	0.000
253.8958	0.000
253.9167	0.000
253.9375	0.000
253.9583	0.000
253.9792	0.000
254.0000	0.000
254.0208	0.000
254.0417	0.000
254.0625	0.000
254.0833	0.000
254.1042	0.000
254.1250	0.000
254.1458	0.000
254.1667	0.000
254.1875	0.000
254.2083	0.000
254.2292	0.000
254.2500	0.000
254.2708	0.000
254.2917	0.000
254.3125	0.000
254.3333	0.000
254.3542	0.000
254.3750	0.000
254.3958	0.000
254.4167	0.000
254.4375	0.000
254.4583	0.000
254.4792	0.000
254.5000	0.000
254.5208	0.000
254.5417	0.000
254.5625	0.000
254.5833	0.000
254.6042	0.000
254.6250	0.000
254.6458	0.000
254.6667	0.000
254.6875	0.000
254.7083	0.000
254.7292	0.000
254.7500	0.000
254.7708	0.000
254.7917	0.000
254.8125	0.000
254.8333	0.000
254.8542	0.000
254.8750	0.000
254.8958	0.000
254.9167	0.000
254.9375	0.000
254.9583	0.140
254.9792	0.560
255.0000	3.880
255.0208	5.950
255.0417	7.510
255.0625	7.020
255.0833	7.700
255.1042	7.670
255.1250	8.030
255.1458	7.840
255.1667	7.770
255.1875	7.830
255.2083	7.950
255.2292	8.000
255.2500	7.890
255.2708	7.830
255.2917	7.960
255.3125	7.860
255.3333	7.440
255.3542	7.940
255.3750	7.830
255.3958	7.740
255.4167	7.720
255.4375	7.630
255.4583	7.580
255.4792	7.210
255.5000	7.110
255.5208	7.130
255.5417	7.360
255.5625	7.430
255.5833	7.450
255.6042	7.510
255.6250	7.570
255.6458	7.580
255.6667	7.600
255.6875	7.660
255.7083	7.800
255.7292	7.820
255.7500	7.790
255.7708	7.700
255.7917	7.900
255.8125	7.950
255.8333	7.870
255.8542	7.960
255.8750	7.790
255.8958	7.940
255.9167	7.950
255.9375	7.940
255.9583	7.890
255.9792	7.820
256.0000	7.670
256.0208	7.860
256.0417	7.740
256.0625	7.710
256.0833	7.850
256.1042	7.870
256.1250	7.830
256.1458	7.830
256.1667	7.740
256.1875	7.780
256.2083	7.780
256.2292	7.730
256.2500	7.800
256.2708	7.770
256.2917	7.690
256.3125	7.590
256.3333	7.700
256.3542	7.550
256.3750	7.780
256.3958	7.830
256.4167	7.790
256.4375	7.690
256.4583	7.780
256.4792	7.710
256.5000	7.620
256.5208	7.580
256.5417	7.550
256.5625	7.550
256.5833	7.540
256.6042	7.550
256.6250	7.560
256.6458	7.530
256.6667	7.530
256.6875	7.490
256.7083	7.500
256.7292	7.270
256.7500	7.070
256.7708	7.210
256.7917	7.360
256.8125	7.260
256.8333	7.330
256.8542	7.290
256.8750	7.280
256.8958	7.100
256.9167	7.080
256.9375	6.990
256.9583	6.940
256.9792	6.910
257.0000	6.860
257.0208	6.940
257.0417	7.470
257.0625	7.670
257.0833	7.570
257.1042	6.740
257.1250	6.930
257.1458	7.290
257.1667	7.090
257.1875	6.710
257.2083	6.980
257.2292	7.250
257.2500	7.420
257.2708	7.120
257.2917	7.560
257.3125	7.230
257.3333	7.580
257.3542	7.410
257.3750	7.380
257.3958	7.460
257.4167	7.370
257.4375	7.190
257.4583	7.490
257.4792	7.370
257.5000	7.420
257.5208	7.440
257.5417	7.450
257.5625	7.520
257.5833	7.500
257.6042	7.480
257.6250	7.310
257.6458	7.110
257.6667	6.970
257.6875	7.020
257.7083	6.910
257.7292	6.520
257.7500	7.900
257.7708	7.810
257.7917	7.990
257.8125	7.970
257.8333	7.970
257.8542	7.970
257.8750	7.970
257.8958	7.960
257.9167	7.940
257.9375	7.940
257.9583	7.900
257.9792	7.920
258.0000	7.910
258.0208	7.900
258.0417	7.910
258.0625	7.910
258.0833	7.910
258.1042	7.870
258.1250	7.890
258.1458	7.890
258.1667	7.880
258.1875	7.880
258.2083	7.840
258.2292	7.890
258.2500	7.890
258.2708	7.870
258.2917	7.880
258.3125	7.870
258.3333	7.870
258.3542	7.850
258.3750	7.870
258.3958	7.860
258.4167	7.880
258.4375	7.880
258.4583	7.850
258.4792	7.870
258.5000	7.870
258.5208	7.860
258.5417	7.880
258.5625	7.860
258.5833	7.800
258.6042	7.800
258.6250	7.870
258.6458	7.890
258.6667	7.850
258.6875	7.900
258.7083	7.910
258.7292	7.920
258.7500	7.890
258.7708	7.900
258.7917	7.880
258.8125	7.850
258.8333	7.830
258.8542	7.810
258.8750	7.820
258.8958	7.820
258.9167	7.820
258.9375	7.810
258.9583	7.840
258.9792	7.800
259.0000	7.770
259.0208	7.790
259.0417	7.810
259.0625	7.780
259.0833	7.800
259.1042	7.720
259.1250	7.790
259.1458	7.750
259.1667	7.700
259.1875	7.700
259.2083	7.730
259.2292	7.540
259.2500	7.640
259.2708	7.680
259.2917	7.650
259.3125	7.690
259.3333	7.720
259.3542	7.630
259.3750	7.660
259.3958	7.580
259.4167	7.720
259.4375	7.680
259.4583	7.720
259.4792	7.690
259.5000	7.700
259.5208	7.690
259.5417	7.650
259.5625	7.630
259.5833	7.590
259.6042	7.650
259.6250	7.650
259.6458	7.630
259.6667	7.610
259.6875	7.450
259.7083	7.620
259.7292	7.580
259.7500	7.620
259.7708	7.600
259.7917	7.540
259.8125	7.500
259.8333	7.480
259.8542	7.450
259.8750	7.430
259.8958	7.400
259.9167	7.380
259.9375	7.330
259.9583	7.260
259.9792	7.250
260.0000	7.200
260.0208	7.180
260.0417	7.160
260.0625	7.370
260.0833	7.280
260.1042	7.460
260.1250	7.660
260.1458	7.670
260.1667	7.640
260.1875	7.660
260.2083	7.660
260.2292	7.650
260.2500	7.670
260.2708	7.610
260.2917	7.610
260.3125	7.560
260.3333	7.590
260.3542	7.570
260.3750	7.540
260.3958	7.520
260.4167	7.470
260.4375	7.520
260.4583	7.520
260.4792	7.470
260.5000	7.460
260.5208	7.450
260.5417	7.450
260.5625	7.430
260.5833	7.350
260.6042	7.200
260.6250	6.900
260.6458	6.710
260.6667	6.230
260.6875	6.000
260.7083	5.200
260.7292	4.040
260.7500	3.370
260.7708	2.330
260.7917	1.470
260.8125	0.870
260.8333	5.060
260.8542	1.700
260.8750	2.050
260.8958	0.300
260.9167	0.030
260.9375	0.000
260.9583	0.000
260.9792	0.000
261.0000	0.000
261.0208	0.000
261.0417	0.000
261.0625	0.000
261.0833	0.000
261.1042	0.000
261.1250	0.000
261.1458	0.000
261.1667	0.000
261.1875	0.000
261.2083	0.000
261.2292	0.000
261.2500	0.000
261.2708	0.000
261.2917	0.000
261.3125	0.000
261.3333	0.000
261.3542	0.000
261.3750	0.000
261.3958	0.000
261.4167	0.000
261.4375	0.000
261.4583	0.000
261.4792	0.000
261.5000	0.000
261.5208	0.000
261.5417	0.000
261.5625	0.000
261.5833	0.000
261.6042	0.000
261.6250	0.000
261.6458	0.000
261.6667	0.000
261.6875	0.000
261.7083	0.000
261.7292	0.000
261.7500	0.000
261.7708	0.000
261.7917	0.000
261.8125	0.000
261.8333	0.000
261.8542	0.000
261.8750	0.000
261.8958	0.000
261.9167	0.000
261.9375	0.000
261.9583	0.000
261.9792	0.000
262.0000	0.000
262.0208	0.000
262.0417	0.000
262.0625	0.000
262.0833	0.000
262.1042	0.000
262.1250	0.000
262.1458	0.000
262.1667	0.000
262.1875	0.000
262.2083	0.000
262.2292	0.000
262.2500	0.000
262.2708	0.000
262.2917	0.000
262.3125	0.000
262.3333	0.000
262.3542	0.000
262.3750	0.000
262.3958	0.000
262.4167	0.000
262.4375	0.000
262.4583	0.000
262.4792	0.000
262.5000	0.000
262.5208	0.000
262.5417	0.000
262.5625	0.000
262.5833	0.000
262.6042	0.000
262.6250	0.000
262.6458	0.000
262.6667	0.000
262.6875	0.000
262.7083	0.000
262.7292	0.000
262.7500	0.000
262.7708	0.000
262.7917	0.000
262.8125	0.000
262.8333	0.000
262.8542	0.000
262.8750	0.000
262.8958	0.000
262.9167	0.000
262.9375	0.000
262.9583	0.000
262.9792	0.000
263.0000	0.000
263.0208	0.000
263.0417	0.000
263.0625	0.000
263.0833	0.000
263.1042	0.000
263.1250	0.000
263.1458	0.000
263.1667	0.000
263.1875	0.000
263.2083	0.000
263.2292	0.000
263.2500	0.000
263.2708	0.000
263.2917	0.000
263.3125	0.000
263.3333	0.000
263.3542	0.000
263.3750	0.000
263.3958	0.000
263.4167	0.000
263.4375	0.000
263.4583	0.000
263.4792	0.000
263.5000	0.000
263.5208	0.000
263.5417	0.000
263.5625	0.000
263.5833	0.000
263.6042	0.000
263.6250	0.000
263.6458	0.000
263.6667	0.000
263.6875	0.000
263.7083	0.000
263.7292	0.000
263.7500	0.000
263.7708	0.000
263.7917	0.000
263.8125	0.000
263.8333	0.000
263.8542	0.000
263.8750	0.000
263.8958	0.000
263.9167	0.000
263.9375	0.000
263.9583	0.000
263.9792	0.000
264.0000	0.000
264.0208	0.000
264.0417	0.000
264.0625	0.000
264.0833	0.000
264.1042	0.000
264.1250	0.000
264.1458	0.000
264.1667	0.000
264.1875	0.000
264.2083	0.000
264.2292	0.000
264.2500	0.000
264.2708	0.000
264.2917	0.000
264.3125	0.000
264.3333	0.000
264.3542	0.000
264.3750	0.000
264.3958	0.000
264.4167	0.000
264.4375	0.000
264.4583	0.000
264.4792	0.000
264.5000	0.000
264.5208	0.000
264.5417	0.000
264.5625	0.000
264.5833	0.000
264.6042	0.000
264.6250	0.000
264.6458	0.000
264.6667	0.000
264.6875	0.000
264.7083	0.000
264.7292	0.000
264.7500	0.000
264.7708	0.000
264.7917	0.000
264.8125	0.000
264.8333	0.000
264.8542	0.000
264.8750	0.000
264.8958	0.000
264.9167	0.000
264.9375	0.000
264.9583	0.000
264.9792	0.000
265.0000	0.000
265.0208	0.000
265.0417	0.000
265.0625	0.000
265.0833	0.000
265.1042	0.000
265.1250	0.000
265.1458	0.000
265.1667	0.000
265.1875	0.000
265.2083	0.000
265.2292	0.000
265.2500	0.000
265.2708	0.000
265.2917	0.000
265.3125	0.000
265.3333	0.000
265.3542	0.000
265.3750	0.000
265.3958	0.000
265.4167	0.000
265.4375	0.000
265.4583	0.000
265.4792	0.000
265.5000	0.000
265.5208	0.000
265.5417	0.000
265.5625	0.000
265.5833	0.000
265.6042	0.000
265.6250	0.000
265.6458	0.000
265.6667	0.000
265.6875	0.000
265.7083	0.000
265.7292	0.000
265.7500	0.000
265.7708	0.000
265.7917	0.000
265.8125	0.000
265.8333	0.000
265.8542	0.000
265.8750	0.000
265.8958	0.000
265.9167	0.000
265.9375	0.000
265.9583	0.000
265.9792	0.000
266.0000	0.000
266.0208	0.000
266.0417	0.000
266.0625	0.000
266.0833	0.000
266.1042	0.000
266.1250	0.000
266.1458	0.000
266.1667	0.000
266.1875	0.000
266.2083	0.000
266.2292	0.000
266.2500	0.000
266.2708	0.000
266.2917	0.000
266.3125	0.000
266.3333	0.000
266.3542	0.000
266.3750	0.000
266.3958	0.000
266.4167	0.000
266.4375	0.000
266.4583	0.000
266.4792	0.000
266.5000	0.000
266.5208	0.000
266.5417	0.000
266.5625	0.000
266.5833	0.000
266.6042	0.000
266.6250	0.000
266.6458	0.000
266.6667	0.000
266.6875	0.000
266.7083	0.000
266.7292	0.000
266.7500	0.000
266.7708	0.000
266.7917	0.000
266.8125	0.000
266.8333	0.000
266.8542	0.000
266.8750	0.000
266.8958	0.000
266.9167	0.000
266.9375	0.000
266.9583	0.000
266.9792	0.000
267.0000	0.000
267.0208	0.000
267.0417	0.000
267.0625	0.000
267.0833	0.000
267.1042	0.000
267.1250	0.000
267.1458	0.000
267.1667	0.000
267.1875	0.000
267.2083	0.000
267.2292	0.000
267.2500	0.000
267.2708	0.000
267.2917	0.000
267.3125	0.000
267.3333	0.000
267.3542	0.000
267.3750	0.000
267.3958	0.000
267.4167	0.000
267.4375	0.000
267.4583	0.000
267.4792	0.000
267.5000	0.000
267.5208	0.000
267.5417	0.000
267.5625	0.000
267.5833	0.000
267.6042	0.000
267.6250	0.000
267.6458	0.000
267.6667	0.000
267.6875	0.000
267.7083	0.000
267.7292	0.000
267.7500	0.000
267.7708	0.000
267.7917	0.000
267.8125	0.000
